1.407999999999999918e+00 8.955652713775634766e+00 0.000000000000000000e+00 0.000000000000000000e+00 7.500000000000000000e-01
1.407999999999999918e+00 8.955652713775634766e+00 1.000000000000000000e+00 5.000000000000000000e+00 7.500000000000000000e-01
1.454999999999999849e+00 8.955652713775634766e+00 2.000000000000000000e+00 5.000000000000000000e+00 7.500000000000000000e-01
1.747999999999999554e+00 8.955652713775634766e+00 3.000000000000000000e+00 0.000000000000000000e+00 7.500000000000000000e-01
1.747999999999999554e+00 8.955652713775634766e+00 4.000000000000000000e+00 0.000000000000000000e+00 7.500000000000000000e-01
2.204999999999999183e+00 8.955652713775634766e+00 5.000000000000000000e+00 1.200000000000000000e+01 7.500000000000000000e-01
2.291999999999999371e+00 8.955652713775634766e+00 6.000000000000000000e+00 6.000000000000000000e+00 7.500000000000000000e-01
2.568999999999998618e+00 8.955652713775634766e+00 7.000000000000000000e+00 2.100000000000000000e+01 7.500000000000000000e-01
2.694999999999998952e+00 8.955652713775634766e+00 8.000000000000000000e+00 1.300000000000000000e+01 7.500000000000000000e-01
2.911999999999999034e+00 8.955652713775634766e+00 9.000000000000000000e+00 0.000000000000000000e+00 7.500000000000000000e-01
4.113999999999997215e+00 8.955652713775634766e+00 1.000000000000000000e+01 2.400000000000000000e+01 7.500000000000000000e-01
4.146999999999997577e+00 8.955652713775634766e+00 1.100000000000000000e+01 1.300000000000000000e+01 7.500000000000000000e-01
4.324999999999997513e+00 8.955652713775634766e+00 1.200000000000000000e+01 3.700000000000000000e+01 7.500000000000000000e-01
4.290999999999997705e+00 8.955652713775634766e+00 1.300000000000000000e+01 5.100000000000000000e+01 7.500000000000000000e-01
4.501999999999998892e+00 8.955652713775634766e+00 1.400000000000000000e+01 8.100000000000000000e+01 7.500000000000000000e-01
4.568999999999999950e+00 8.955652713775634766e+00 1.500000000000000000e+01 5.000000000000000000e+01 7.500000000000000000e-01
4.764000000000000234e+00 8.955652713775634766e+00 1.600000000000000000e+01 4.900000000000000000e+01 7.500000000000000000e-01
4.791000000000000369e+00 8.955652713775634766e+00 1.700000000000000000e+01 3.500000000000000000e+01 7.500000000000000000e-01
4.864000000000000767e+00 8.955652713775634766e+00 1.800000000000000000e+01 3.800000000000000000e+01 7.500000000000000000e-01
4.911000000000000476e+00 8.955652713775634766e+00 1.900000000000000000e+01 5.400000000000000000e+01 7.500000000000000000e-01
5.101999999999999424e+00 8.955652713775634766e+00 2.000000000000000000e+01 5.100000000000000000e+01 7.500000000000000000e-01
5.177999999999999936e+00 8.955652713775634766e+00 2.100000000000000000e+01 3.300000000000000000e+01 7.500000000000000000e-01
5.308000000000000718e+00 8.955652713775634766e+00 2.200000000000000000e+01 5.000000000000000000e+00 7.500000000000000000e-01
6.207999999999998408e+00 8.955652713775634766e+00 2.300000000000000000e+01 4.100000000000000000e+01 7.500000000000000000e-01
6.628999999999996007e+00 8.955652713775634766e+00 2.400000000000000000e+01 6.300000000000000000e+01 7.500000000000000000e-01
6.657999999999995921e+00 8.955652713775634766e+00 2.500000000000000000e+01 9.800000000000000000e+01 7.500000000000000000e-01
7.058999999999995723e+00 8.955652713775634766e+00 2.600000000000000000e+01 5.600000000000000000e+01 7.500000000000000000e-01
7.107999999999995211e+00 8.955652713775634766e+00 2.700000000000000000e+01 8.200000000000000000e+01 7.500000000000000000e-01
7.666999999999997151e+00 8.955652713775634766e+00 2.800000000000000000e+01 8.900000000000000000e+01 7.500000000000000000e-01
8.044999999999994600e+00 8.955652713775634766e+00 2.900000000000000000e+01 4.500000000000000000e+01 7.500000000000000000e-01
8.335999999999986088e+00 8.955652713775634766e+00 3.000000000000000000e+01 0.000000000000000000e+00 7.500000000000000000e-01
9.050999999999984169e+00 8.955652713775634766e+00 3.100000000000000000e+01 0.000000000000000000e+00 7.500000000000000000e-01
1.425000000000000266e+00 8.863747835159301758e+00 0.000000000000000000e+00 0.000000000000000000e+00 8.000000000000000444e-01
1.425000000000000266e+00 8.863747835159301758e+00 1.000000000000000000e+00 5.000000000000000000e+00 8.000000000000000444e-01
1.481000000000000316e+00 8.863747835159301758e+00 2.000000000000000000e+00 5.000000000000000000e+00 8.000000000000000444e-01
1.737000000000000099e+00 8.863747835159301758e+00 3.000000000000000000e+00 0.000000000000000000e+00 8.000000000000000444e-01
1.737000000000000099e+00 8.863747835159301758e+00 4.000000000000000000e+00 0.000000000000000000e+00 8.000000000000000444e-01
2.200999999999999623e+00 8.863747835159301758e+00 5.000000000000000000e+00 1.200000000000000000e+01 8.000000000000000444e-01
2.282999999999999474e+00 8.863747835159301758e+00 6.000000000000000000e+00 6.000000000000000000e+00 8.000000000000000444e-01
2.566999999999999282e+00 8.863747835159301758e+00 7.000000000000000000e+00 2.100000000000000000e+01 8.000000000000000444e-01
2.669999999999999041e+00 8.863747835159301758e+00 8.000000000000000000e+00 1.200000000000000000e+01 8.000000000000000444e-01
2.896999999999998465e+00 8.863747835159301758e+00 9.000000000000000000e+00 0.000000000000000000e+00 8.000000000000000444e-01
4.146999999999996689e+00 8.863747835159301758e+00 1.000000000000000000e+01 1.300000000000000000e+01 8.000000000000000444e-01
4.146999999999996689e+00 8.863747835159301758e+00 1.100000000000000000e+01 2.900000000000000000e+01 8.000000000000000444e-01
4.295999999999995822e+00 8.863747835159301758e+00 1.200000000000000000e+01 3.400000000000000000e+01 8.000000000000000444e-01
4.272999999999996135e+00 8.863747835159301758e+00 1.300000000000000000e+01 5.400000000000000000e+01 8.000000000000000444e-01
4.483999999999996433e+00 8.863747835159301758e+00 1.400000000000000000e+01 9.300000000000000000e+01 8.000000000000000444e-01
4.563999999999996504e+00 8.863747835159301758e+00 1.500000000000000000e+01 5.200000000000000000e+01 8.000000000000000444e-01
4.687999999999996170e+00 8.863747835159301758e+00 1.600000000000000000e+01 3.100000000000000000e+01 8.000000000000000444e-01
4.778999999999995474e+00 8.863747835159301758e+00 1.700000000000000000e+01 5.100000000000000000e+01 8.000000000000000444e-01
4.861999999999995659e+00 8.863747835159301758e+00 1.800000000000000000e+01 3.900000000000000000e+01 8.000000000000000444e-01
4.871999999999995445e+00 8.863747835159301758e+00 1.900000000000000000e+01 6.100000000000000000e+01 8.000000000000000444e-01
5.078999999999995296e+00 8.863747835159301758e+00 2.000000000000000000e+01 5.300000000000000000e+01 8.000000000000000444e-01
5.144999999999996021e+00 8.863747835159301758e+00 2.100000000000000000e+01 4.000000000000000000e+01 8.000000000000000444e-01
5.307999999999997165e+00 8.863747835159301758e+00 2.200000000000000000e+01 5.000000000000000000e+00 8.000000000000000444e-01
6.217999999999999083e+00 8.863747835159301758e+00 2.300000000000000000e+01 5.700000000000000000e+01 8.000000000000000444e-01
6.539999999999997371e+00 8.863747835159301758e+00 2.400000000000000000e+01 6.000000000000000000e+01 8.000000000000000444e-01
6.593999999999997641e+00 8.863747835159301758e+00 2.500000000000000000e+01 1.000000000000000000e+02 8.000000000000000444e-01
6.973999999999995758e+00 8.863747835159301758e+00 2.600000000000000000e+01 6.800000000000000000e+01 8.000000000000000444e-01
7.091999999999996085e+00 8.863747835159301758e+00 2.700000000000000000e+01 5.900000000000000000e+01 8.000000000000000444e-01
7.589999999999993641e+00 8.863747835159301758e+00 2.800000000000000000e+01 8.400000000000000000e+01 8.000000000000000444e-01
7.923999999999994159e+00 8.863747835159301758e+00 2.900000000000000000e+01 3.200000000000000000e+01 8.000000000000000444e-01
8.302999999999991942e+00 8.863747835159301758e+00 3.000000000000000000e+01 0.000000000000000000e+00 8.000000000000000444e-01
8.972999999999988319e+00 8.863747835159301758e+00 3.100000000000000000e+01 0.000000000000000000e+00 8.000000000000000444e-01
1.439999999999999947e+00 8.823558092117309570e+00 0.000000000000000000e+00 0.000000000000000000e+00 8.499999999999999778e-01
1.439999999999999947e+00 8.823558092117309570e+00 1.000000000000000000e+00 7.000000000000000000e+00 8.499999999999999778e-01
1.439999999999999947e+00 8.823558092117309570e+00 2.000000000000000000e+00 5.000000000000000000e+00 8.499999999999999778e-01
1.752999999999999670e+00 8.823558092117309570e+00 3.000000000000000000e+00 0.000000000000000000e+00 8.499999999999999778e-01
1.752999999999999670e+00 8.823558092117309570e+00 4.000000000000000000e+00 0.000000000000000000e+00 8.499999999999999778e-01
2.189999999999999503e+00 8.823558092117309570e+00 5.000000000000000000e+00 1.300000000000000000e+01 8.499999999999999778e-01
2.264999999999999236e+00 8.823558092117309570e+00 6.000000000000000000e+00 9.000000000000000000e+00 8.499999999999999778e-01
2.545999999999998931e+00 8.823558092117309570e+00 7.000000000000000000e+00 2.400000000000000000e+01 8.499999999999999778e-01
2.682999999999998941e+00 8.823558092117309570e+00 8.000000000000000000e+00 1.500000000000000000e+01 8.499999999999999778e-01
2.904999999999998916e+00 8.823558092117309570e+00 9.000000000000000000e+00 0.000000000000000000e+00 8.499999999999999778e-01
4.148999999999997357e+00 8.823558092117309570e+00 1.000000000000000000e+01 1.300000000000000000e+01 8.499999999999999778e-01
4.148999999999997357e+00 8.823558092117309570e+00 1.100000000000000000e+01 3.200000000000000000e+01 8.499999999999999778e-01
4.294999999999997264e+00 8.823558092117309570e+00 1.200000000000000000e+01 3.500000000000000000e+01 8.499999999999999778e-01
4.306999999999997719e+00 8.823558092117309570e+00 1.300000000000000000e+01 5.900000000000000000e+01 8.499999999999999778e-01
4.479999999999996874e+00 8.823558092117309570e+00 1.400000000000000000e+01 9.900000000000000000e+01 8.499999999999999778e-01
4.539999999999998259e+00 8.823558092117309570e+00 1.500000000000000000e+01 5.100000000000000000e+01 8.499999999999999778e-01
4.706999999999998074e+00 8.823558092117309570e+00 1.600000000000000000e+01 2.800000000000000000e+01 8.499999999999999778e-01
4.756999999999997897e+00 8.823558092117309570e+00 1.700000000000000000e+01 4.800000000000000000e+01 8.499999999999999778e-01
4.846999999999997755e+00 8.823558092117309570e+00 1.800000000000000000e+01 4.000000000000000000e+01 8.499999999999999778e-01
4.884999999999997122e+00 8.823558092117309570e+00 1.900000000000000000e+01 5.800000000000000000e+01 8.499999999999999778e-01
5.159999999999997478e+00 8.823558092117309570e+00 2.000000000000000000e+01 3.700000000000000000e+01 8.499999999999999778e-01
5.127999999999997449e+00 8.823558092117309570e+00 2.100000000000000000e+01 2.800000000000000000e+01 8.499999999999999778e-01
5.250999999999997669e+00 8.823558092117309570e+00 2.200000000000000000e+01 6.000000000000000000e+00 8.499999999999999778e-01
6.130999999999998451e+00 8.823558092117309570e+00 2.300000000000000000e+01 5.600000000000000000e+01 8.499999999999999778e-01
6.448999999999997179e+00 8.823558092117309570e+00 2.400000000000000000e+01 8.800000000000000000e+01 8.499999999999999778e-01
6.484999999999997655e+00 8.823558092117309570e+00 2.500000000000000000e+01 5.900000000000000000e+01 8.499999999999999778e-01
6.890999999999997350e+00 8.823558092117309570e+00 2.600000000000000000e+01 5.500000000000000000e+01 8.499999999999999778e-01
7.037999999999996703e+00 8.823558092117309570e+00 2.700000000000000000e+01 5.500000000000000000e+01 8.499999999999999778e-01
7.421999999999997044e+00 8.823558092117309570e+00 2.800000000000000000e+01 8.900000000000000000e+01 8.499999999999999778e-01
7.824999999999998401e+00 8.823558092117309570e+00 2.900000000000000000e+01 3.300000000000000000e+01 8.499999999999999778e-01
8.285999999999990706e+00 8.823558092117309570e+00 3.000000000000000000e+01 1.400000000000000000e+01 8.499999999999999778e-01
8.950999999999984524e+00 8.823558092117309570e+00 3.100000000000000000e+01 0.000000000000000000e+00 8.499999999999999778e-01
1.422000000000000153e+00 8.758390903472900391e+00 0.000000000000000000e+00 0.000000000000000000e+00 9.000000000000000222e-01
1.422000000000000153e+00 8.758390903472900391e+00 1.000000000000000000e+00 6.000000000000000000e+00 9.000000000000000222e-01
1.478000000000000203e+00 8.758390903472900391e+00 2.000000000000000000e+00 5.000000000000000000e+00 9.000000000000000222e-01
1.734000000000000208e+00 8.758390903472900391e+00 3.000000000000000000e+00 0.000000000000000000e+00 9.000000000000000222e-01
1.734000000000000208e+00 8.758390903472900391e+00 4.000000000000000000e+00 0.000000000000000000e+00 9.000000000000000222e-01
2.191999999999999726e+00 8.758390903472900391e+00 5.000000000000000000e+00 1.100000000000000000e+01 9.000000000000000222e-01
2.296999999999999709e+00 8.758390903472900391e+00 6.000000000000000000e+00 8.000000000000000000e+00 9.000000000000000222e-01
2.555999999999999162e+00 8.758390903472900391e+00 7.000000000000000000e+00 2.100000000000000000e+01 9.000000000000000222e-01
2.671999999999999265e+00 8.758390903472900391e+00 8.000000000000000000e+00 1.300000000000000000e+01 9.000000000000000222e-01
2.898999999999999577e+00 8.758390903472900391e+00 9.000000000000000000e+00 0.000000000000000000e+00 9.000000000000000222e-01
4.138999999999998458e+00 8.758390903472900391e+00 1.000000000000000000e+01 1.200000000000000000e+01 9.000000000000000222e-01
4.138999999999998458e+00 8.758390903472900391e+00 1.100000000000000000e+01 2.900000000000000000e+01 9.000000000000000222e-01
4.215999999999998415e+00 8.758390903472900391e+00 1.200000000000000000e+01 2.900000000000000000e+01 9.000000000000000222e-01
4.285999999999997812e+00 8.758390903472900391e+00 1.300000000000000000e+01 4.900000000000000000e+01 9.000000000000000222e-01
4.447999999999998622e+00 8.758390903472900391e+00 1.400000000000000000e+01 8.100000000000000000e+01 9.000000000000000222e-01
4.595999999999999197e+00 8.758390903472900391e+00 1.500000000000000000e+01 1.100000000000000000e+01 9.000000000000000222e-01
4.567999999999998728e+00 8.758390903472900391e+00 1.600000000000000000e+01 4.400000000000000000e+01 9.000000000000000222e-01
4.819999999999999396e+00 8.758390903472900391e+00 1.700000000000000000e+01 3.500000000000000000e+01 9.000000000000000222e-01
4.785999999999999588e+00 8.758390903472900391e+00 1.800000000000000000e+01 4.500000000000000000e+01 9.000000000000000222e-01
4.775999999999998913e+00 8.758390903472900391e+00 1.900000000000000000e+01 5.400000000000000000e+01 9.000000000000000222e-01
5.056999999999999496e+00 8.758390903472900391e+00 2.000000000000000000e+01 2.900000000000000000e+01 9.000000000000000222e-01
5.198999999999998956e+00 8.758390903472900391e+00 2.100000000000000000e+01 4.100000000000000000e+01 9.000000000000000222e-01
5.181999999999999496e+00 8.758390903472900391e+00 2.200000000000000000e+01 4.000000000000000000e+00 9.000000000000000222e-01
6.150999999999998025e+00 8.758390903472900391e+00 2.300000000000000000e+01 5.600000000000000000e+01 9.000000000000000222e-01
6.197999999999997733e+00 8.758390903472900391e+00 2.400000000000000000e+01 6.800000000000000000e+01 9.000000000000000222e-01
6.409999999999997478e+00 8.758390903472900391e+00 2.500000000000000000e+01 5.500000000000000000e+01 9.000000000000000222e-01
6.888999999999996682e+00 8.758390903472900391e+00 2.600000000000000000e+01 7.100000000000000000e+01 9.000000000000000222e-01
6.932999999999996277e+00 8.758390903472900391e+00 2.700000000000000000e+01 6.200000000000000000e+01 9.000000000000000222e-01
7.176999999999997826e+00 8.758390903472900391e+00 2.800000000000000000e+01 8.600000000000000000e+01 9.000000000000000222e-01
7.798999999999993271e+00 8.758390903472900391e+00 2.900000000000000000e+01 4.400000000000000000e+01 9.000000000000000222e-01
8.186999999999983402e+00 8.758390903472900391e+00 3.000000000000000000e+01 2.000000000000000000e+01 9.000000000000000222e-01
8.849999999999987210e+00 8.758390903472900391e+00 3.100000000000000000e+01 0.000000000000000000e+00 9.000000000000000222e-01
1.433999999999999941e+00 8.899481296539306641e+00 0.000000000000000000e+00 6.000000000000000000e+00 9.499999999999999556e-01
1.480999999999999872e+00 8.899481296539306641e+00 1.000000000000000000e+00 0.000000000000000000e+00 9.499999999999999556e-01
1.480999999999999872e+00 8.899481296539306641e+00 2.000000000000000000e+00 6.000000000000000000e+00 9.499999999999999556e-01
1.788999999999999924e+00 8.899481296539306641e+00 3.000000000000000000e+00 0.000000000000000000e+00 9.499999999999999556e-01
1.788999999999999924e+00 8.899481296539306641e+00 4.000000000000000000e+00 0.000000000000000000e+00 9.499999999999999556e-01
2.252999999999999670e+00 8.899481296539306641e+00 5.000000000000000000e+00 1.200000000000000000e+01 9.499999999999999556e-01
2.297999999999999599e+00 8.899481296539306641e+00 6.000000000000000000e+00 5.000000000000000000e+00 9.499999999999999556e-01
2.606999999999999318e+00 8.899481296539306641e+00 7.000000000000000000e+00 2.000000000000000000e+01 9.499999999999999556e-01
2.710999999999999410e+00 8.899481296539306641e+00 8.000000000000000000e+00 1.100000000000000000e+01 9.499999999999999556e-01
2.941999999999999726e+00 8.899481296539306641e+00 9.000000000000000000e+00 0.000000000000000000e+00 9.499999999999999556e-01
4.184999999999996945e+00 8.899481296539306641e+00 1.000000000000000000e+01 1.200000000000000000e+01 9.499999999999999556e-01
4.214999999999997193e+00 8.899481296539306641e+00 1.100000000000000000e+01 3.400000000000000000e+01 9.499999999999999556e-01
4.301999999999996938e+00 8.899481296539306641e+00 1.200000000000000000e+01 3.000000000000000000e+01 9.499999999999999556e-01
4.329999999999997407e+00 8.899481296539306641e+00 1.300000000000000000e+01 6.300000000000000000e+01 9.499999999999999556e-01
4.500999999999995893e+00 8.899481296539306641e+00 1.400000000000000000e+01 9.800000000000000000e+01 9.499999999999999556e-01
4.617999999999994998e+00 8.899481296539306641e+00 1.500000000000000000e+01 5.600000000000000000e+01 9.499999999999999556e-01
4.718999999999993200e+00 8.899481296539306641e+00 1.600000000000000000e+01 2.700000000000000000e+01 9.499999999999999556e-01
4.807999999999992724e+00 8.899481296539306641e+00 1.700000000000000000e+01 6.400000000000000000e+01 9.499999999999999556e-01
4.872999999999992227e+00 8.899481296539306641e+00 1.800000000000000000e+01 5.200000000000000000e+01 9.499999999999999556e-01
4.898999999999992916e+00 8.899481296539306641e+00 1.900000000000000000e+01 7.900000000000000000e+01 9.499999999999999556e-01
5.065999999999990955e+00 8.899481296539306641e+00 2.000000000000000000e+01 5.500000000000000000e+01 9.499999999999999556e-01
5.168999999999992490e+00 8.899481296539306641e+00 2.100000000000000000e+01 4.000000000000000000e+01 9.499999999999999556e-01
5.282999999999994145e+00 8.899481296539306641e+00 2.200000000000000000e+01 8.000000000000000000e+00 9.499999999999999556e-01
6.307999999999992724e+00 8.899481296539306641e+00 2.300000000000000000e+01 8.300000000000000000e+01 9.499999999999999556e-01
6.292999999999993044e+00 8.899481296539306641e+00 2.400000000000000000e+01 7.900000000000000000e+01 9.499999999999999556e-01
6.478999999999992099e+00 8.899481296539306641e+00 2.500000000000000000e+01 6.500000000000000000e+01 9.499999999999999556e-01
6.805999999999992944e+00 8.899481296539306641e+00 2.600000000000000000e+01 7.800000000000000000e+01 9.499999999999999556e-01
7.283999999999989150e+00 8.899481296539306641e+00 2.700000000000000000e+01 9.000000000000000000e+01 9.499999999999999556e-01
7.298999999999989718e+00 8.899481296539306641e+00 2.800000000000000000e+01 8.500000000000000000e+01 9.499999999999999556e-01
7.906999999999989370e+00 8.899481296539306641e+00 2.900000000000000000e+01 4.800000000000000000e+01 9.499999999999999556e-01
8.219999999999988205e+00 8.899481296539306641e+00 3.000000000000000000e+01 2.100000000000000000e+01 9.499999999999999556e-01
8.870999999999986230e+00 8.899481296539306641e+00 3.100000000000000000e+01 0.000000000000000000e+00 9.499999999999999556e-01
1.419000000000000039e+00 8.733046054840087891e+00 0.000000000000000000e+00 0.000000000000000000e+00 1.000000000000000000e+00
1.419000000000000039e+00 8.733046054840087891e+00 1.000000000000000000e+00 4.000000000000000000e+00 1.000000000000000000e+00
1.497000000000000108e+00 8.733046054840087891e+00 2.000000000000000000e+00 3.000000000000000000e+00 1.000000000000000000e+00
1.735000000000000098e+00 8.733046054840087891e+00 3.000000000000000000e+00 0.000000000000000000e+00 1.000000000000000000e+00
1.735000000000000098e+00 8.733046054840087891e+00 4.000000000000000000e+00 0.000000000000000000e+00 1.000000000000000000e+00
2.219000000000000306e+00 8.733046054840087891e+00 5.000000000000000000e+00 8.000000000000000000e+00 1.000000000000000000e+00
2.274000000000000465e+00 8.733046054840087891e+00 6.000000000000000000e+00 5.000000000000000000e+00 1.000000000000000000e+00
2.550000000000000266e+00 8.733046054840087891e+00 7.000000000000000000e+00 1.200000000000000000e+01 1.000000000000000000e+00
2.671000000000000263e+00 8.733046054840087891e+00 8.000000000000000000e+00 7.000000000000000000e+00 1.000000000000000000e+00
2.911000000000000476e+00 8.733046054840087891e+00 9.000000000000000000e+00 0.000000000000000000e+00 1.000000000000000000e+00
4.123999999999999666e+00 8.733046054840087891e+00 1.000000000000000000e+01 1.200000000000000000e+01 1.000000000000000000e+00
4.113000000000000433e+00 8.733046054840087891e+00 1.100000000000000000e+01 2.400000000000000000e+01 1.000000000000000000e+00
4.198999999999999844e+00 8.733046054840087891e+00 1.200000000000000000e+01 3.000000000000000000e+01 1.000000000000000000e+00
4.214000000000001300e+00 8.733046054840087891e+00 1.300000000000000000e+01 4.700000000000000000e+01 1.000000000000000000e+00
4.449000000000000732e+00 8.733046054840087891e+00 1.400000000000000000e+01 1.020000000000000000e+02 1.000000000000000000e+00
4.515000000000000568e+00 8.733046054840087891e+00 1.500000000000000000e+01 1.800000000000000000e+01 1.000000000000000000e+00
4.520000000000001350e+00 8.733046054840087891e+00 1.600000000000000000e+01 4.000000000000000000e+01 1.000000000000000000e+00
4.602000000000001201e+00 8.733046054840087891e+00 1.700000000000000000e+01 7.400000000000000000e+01 1.000000000000000000e+00
4.731000000000000760e+00 8.733046054840087891e+00 1.800000000000000000e+01 3.300000000000000000e+01 1.000000000000000000e+00
4.818999999999999950e+00 8.733046054840087891e+00 1.900000000000000000e+01 3.600000000000000000e+01 1.000000000000000000e+00
4.922999999999999154e+00 8.733046054840087891e+00 2.000000000000000000e+01 1.800000000000000000e+01 1.000000000000000000e+00
4.983999999999999098e+00 8.733046054840087891e+00 2.100000000000000000e+01 0.000000000000000000e+00 1.000000000000000000e+00
5.466999999999998749e+00 8.733046054840087891e+00 2.200000000000000000e+01 4.000000000000000000e+01 1.000000000000000000e+00
5.898999999999999133e+00 8.733046054840087891e+00 2.300000000000000000e+01 6.800000000000000000e+01 1.000000000000000000e+00
6.200999999999996959e+00 8.733046054840087891e+00 2.400000000000000000e+01 5.600000000000000000e+01 1.000000000000000000e+00
6.316999999999997506e+00 8.733046054840087891e+00 2.500000000000000000e+01 5.100000000000000000e+01 1.000000000000000000e+00
6.407999999999998586e+00 8.733046054840087891e+00 2.600000000000000000e+01 5.600000000000000000e+01 1.000000000000000000e+00
6.902999999999997804e+00 8.733046054840087891e+00 2.700000000000000000e+01 6.700000000000000000e+01 1.000000000000000000e+00
7.064999999999996838e+00 8.733046054840087891e+00 2.800000000000000000e+01 8.200000000000000000e+01 1.000000000000000000e+00
7.841999999999996085e+00 8.733046054840087891e+00 2.900000000000000000e+01 1.400000000000000000e+01 1.000000000000000000e+00
7.786999999999996369e+00 8.733046054840087891e+00 3.000000000000000000e+01 5.200000000000000000e+01 1.000000000000000000e+00
8.773999999999986699e+00 8.733046054840087891e+00 3.100000000000000000e+01 0.000000000000000000e+00 1.000000000000000000e+00
1.412000000000000144e+00 8.629833221435546875e+00 0.000000000000000000e+00 0.000000000000000000e+00 1.050000000000000044e+00
1.412000000000000144e+00 8.629833221435546875e+00 1.000000000000000000e+00 6.000000000000000000e+00 1.050000000000000044e+00
1.463000000000000078e+00 8.629833221435546875e+00 2.000000000000000000e+00 5.000000000000000000e+00 1.050000000000000044e+00
1.699999999999999956e+00 8.629833221435546875e+00 3.000000000000000000e+00 0.000000000000000000e+00 1.050000000000000044e+00
1.699999999999999956e+00 8.629833221435546875e+00 4.000000000000000000e+00 0.000000000000000000e+00 1.050000000000000044e+00
2.189000000000000057e+00 8.629833221435546875e+00 5.000000000000000000e+00 1.300000000000000000e+01 1.050000000000000044e+00
2.233000000000000096e+00 8.629833221435546875e+00 6.000000000000000000e+00 6.000000000000000000e+00 1.050000000000000044e+00
2.507000000000000117e+00 8.629833221435546875e+00 7.000000000000000000e+00 1.800000000000000000e+01 1.050000000000000044e+00
2.617999999999999883e+00 8.629833221435546875e+00 8.000000000000000000e+00 1.000000000000000000e+01 1.050000000000000044e+00
2.895999999999999908e+00 8.629833221435546875e+00 9.000000000000000000e+00 0.000000000000000000e+00 1.050000000000000044e+00
4.120999999999998664e+00 8.629833221435546875e+00 1.000000000000000000e+01 8.000000000000000000e+00 1.050000000000000044e+00
4.120999999999998664e+00 8.629833221435546875e+00 1.100000000000000000e+01 2.200000000000000000e+01 1.050000000000000044e+00
4.187999999999997947e+00 8.629833221435546875e+00 1.200000000000000000e+01 1.800000000000000000e+01 1.050000000000000044e+00
4.274999999999998579e+00 8.629833221435546875e+00 1.300000000000000000e+01 5.100000000000000000e+01 1.050000000000000044e+00
4.434999999999997833e+00 8.629833221435546875e+00 1.400000000000000000e+01 7.300000000000000000e+01 1.050000000000000044e+00
4.572999999999998622e+00 8.629833221435546875e+00 1.500000000000000000e+01 1.100000000000000000e+01 1.050000000000000044e+00
4.483999999999999098e+00 8.629833221435546875e+00 1.600000000000000000e+01 4.000000000000000000e+01 1.050000000000000044e+00
4.691999999999998394e+00 8.629833221435546875e+00 1.700000000000000000e+01 4.400000000000000000e+01 1.050000000000000044e+00
4.779999999999998472e+00 8.629833221435546875e+00 1.800000000000000000e+01 3.700000000000000000e+01 1.050000000000000044e+00
4.764999999999998792e+00 8.629833221435546875e+00 1.900000000000000000e+01 4.800000000000000000e+01 1.050000000000000044e+00
5.037999999999998479e+00 8.629833221435546875e+00 2.000000000000000000e+01 3.000000000000000000e+01 1.050000000000000044e+00
5.063999999999999169e+00 8.629833221435546875e+00 2.100000000000000000e+01 2.600000000000000000e+01 1.050000000000000044e+00
4.985999999999999766e+00 8.629833221435546875e+00 2.200000000000000000e+01 8.000000000000000000e+00 1.050000000000000044e+00
5.956999999999998074e+00 8.629833221435546875e+00 2.300000000000000000e+01 5.100000000000000000e+01 1.050000000000000044e+00
6.105999999999998984e+00 8.629833221435546875e+00 2.400000000000000000e+01 6.900000000000000000e+01 1.050000000000000044e+00
6.263999999999997570e+00 8.629833221435546875e+00 2.500000000000000000e+01 4.200000000000000000e+01 1.050000000000000044e+00
6.670999999999996710e+00 8.629833221435546875e+00 2.600000000000000000e+01 6.300000000000000000e+01 1.050000000000000044e+00
6.908999999999998032e+00 8.629833221435546875e+00 2.700000000000000000e+01 6.300000000000000000e+01 1.050000000000000044e+00
7.127999999999997449e+00 8.629833221435546875e+00 2.800000000000000000e+01 6.000000000000000000e+01 1.050000000000000044e+00
7.687999999999999723e+00 8.629833221435546875e+00 2.900000000000000000e+01 3.500000000000000000e+01 1.050000000000000044e+00
7.772999999999999687e+00 8.629833221435546875e+00 3.000000000000000000e+01 1.400000000000000000e+01 1.050000000000000044e+00
8.727999999999992653e+00 8.629833221435546875e+00 3.100000000000000000e+01 0.000000000000000000e+00 1.050000000000000044e+00
1.455000000000000071e+00 8.689091682434082031e+00 0.000000000000000000e+00 0.000000000000000000e+00 1.100000000000000089e+00
1.455000000000000071e+00 8.689091682434082031e+00 1.000000000000000000e+00 6.000000000000000000e+00 1.100000000000000089e+00
1.455000000000000071e+00 8.689091682434082031e+00 2.000000000000000000e+00 6.000000000000000000e+00 1.100000000000000089e+00
1.779000000000000137e+00 8.689091682434082031e+00 3.000000000000000000e+00 0.000000000000000000e+00 1.100000000000000089e+00
1.779000000000000137e+00 8.689091682434082031e+00 4.000000000000000000e+00 0.000000000000000000e+00 1.100000000000000089e+00
2.213999999999999968e+00 8.689091682434082031e+00 5.000000000000000000e+00 1.100000000000000000e+01 1.100000000000000089e+00
2.261000000000000121e+00 8.689091682434082031e+00 6.000000000000000000e+00 6.000000000000000000e+00 1.100000000000000089e+00
2.532000000000000028e+00 8.689091682434082031e+00 7.000000000000000000e+00 1.800000000000000000e+01 1.100000000000000089e+00
2.642999999999999794e+00 8.689091682434082031e+00 8.000000000000000000e+00 1.000000000000000000e+01 1.100000000000000089e+00
2.908999999999999808e+00 8.689091682434082031e+00 9.000000000000000000e+00 0.000000000000000000e+00 1.100000000000000089e+00
4.119999999999999218e+00 8.689091682434082031e+00 1.000000000000000000e+01 1.000000000000000000e+01 1.100000000000000089e+00
4.121999999999998998e+00 8.689091682434082031e+00 1.100000000000000000e+01 2.100000000000000000e+01 1.100000000000000089e+00
4.162999999999999368e+00 8.689091682434082031e+00 1.200000000000000000e+01 2.700000000000000000e+01 1.100000000000000089e+00
4.288999999999999702e+00 8.689091682434082031e+00 1.300000000000000000e+01 5.600000000000000000e+01 1.100000000000000089e+00
4.435999999999999055e+00 8.689091682434082031e+00 1.400000000000000000e+01 9.600000000000000000e+01 1.100000000000000089e+00
4.581999999999998074e+00 8.689091682434082031e+00 1.500000000000000000e+01 1.300000000000000000e+01 1.100000000000000089e+00
4.540999999999997705e+00 8.689091682434082031e+00 1.600000000000000000e+01 5.100000000000000000e+01 1.100000000000000089e+00
4.776999999999997470e+00 8.689091682434082031e+00 1.700000000000000000e+01 5.100000000000000000e+01 1.100000000000000089e+00
4.713999999999997748e+00 8.689091682434082031e+00 1.800000000000000000e+01 8.100000000000000000e+01 1.100000000000000089e+00
4.785999999999997812e+00 8.689091682434082031e+00 1.900000000000000000e+01 6.200000000000000000e+01 1.100000000000000089e+00
5.031999999999997364e+00 8.689091682434082031e+00 2.000000000000000000e+01 3.600000000000000000e+01 1.100000000000000089e+00
5.152999999999996916e+00 8.689091682434082031e+00 2.100000000000000000e+01 4.600000000000000000e+01 1.100000000000000089e+00
5.037999999999995815e+00 8.689091682434082031e+00 2.200000000000000000e+01 7.000000000000000000e+00 1.100000000000000089e+00
5.937999999999993506e+00 8.689091682434082031e+00 2.300000000000000000e+01 7.700000000000000000e+01 1.100000000000000089e+00
6.115999999999994330e+00 8.689091682434082031e+00 2.400000000000000000e+01 7.700000000000000000e+01 1.100000000000000089e+00
6.331999999999992745e+00 8.689091682434082031e+00 2.500000000000000000e+01 6.300000000000000000e+01 1.100000000000000089e+00
6.703999999999994408e+00 8.689091682434082031e+00 2.600000000000000000e+01 8.400000000000000000e+01 1.100000000000000089e+00
6.874999999999994671e+00 8.689091682434082031e+00 2.700000000000000000e+01 7.100000000000000000e+01 1.100000000000000089e+00
6.949999999999995737e+00 8.689091682434082031e+00 2.800000000000000000e+01 9.600000000000000000e+01 1.100000000000000089e+00
7.629999999999996341e+00 8.689091682434082031e+00 2.900000000000000000e+01 4.000000000000000000e+01 1.100000000000000089e+00
7.819999999999996732e+00 8.689091682434082031e+00 3.000000000000000000e+01 2.100000000000000000e+01 1.100000000000000089e+00
8.790999999999989711e+00 8.689091682434082031e+00 3.100000000000000000e+01 0.000000000000000000e+00 1.100000000000000089e+00
1.422000000000000375e+00 8.724448442459106445e+00 0.000000000000000000e+00 0.000000000000000000e+00 1.149999999999999911e+00
1.422000000000000375e+00 8.724448442459106445e+00 1.000000000000000000e+00 6.000000000000000000e+00 1.149999999999999911e+00
1.468000000000000416e+00 8.724448442459106445e+00 2.000000000000000000e+00 6.000000000000000000e+00 1.149999999999999911e+00
1.723000000000000309e+00 8.724448442459106445e+00 3.000000000000000000e+00 0.000000000000000000e+00 1.149999999999999911e+00
1.766000000000000236e+00 8.724448442459106445e+00 4.000000000000000000e+00 0.000000000000000000e+00 1.149999999999999911e+00
2.232000000000000206e+00 8.724448442459106445e+00 5.000000000000000000e+00 1.500000000000000000e+01 1.149999999999999911e+00
2.271000000000000352e+00 8.724448442459106445e+00 6.000000000000000000e+00 8.000000000000000000e+00 1.149999999999999911e+00
2.549000000000000377e+00 8.724448442459106445e+00 7.000000000000000000e+00 2.200000000000000000e+01 1.149999999999999911e+00
2.648000000000000131e+00 8.724448442459106445e+00 8.000000000000000000e+00 1.200000000000000000e+01 1.149999999999999911e+00
2.922999999999998710e+00 8.724448442459106445e+00 9.000000000000000000e+00 0.000000000000000000e+00 1.149999999999999911e+00
4.168999999999998707e+00 8.724448442459106445e+00 1.000000000000000000e+01 1.300000000000000000e+01 1.149999999999999911e+00
4.171999999999999709e+00 8.724448442459106445e+00 1.100000000000000000e+01 2.800000000000000000e+01 1.149999999999999911e+00
4.201999999999999069e+00 8.724448442459106445e+00 1.200000000000000000e+01 4.100000000000000000e+01 1.149999999999999911e+00
4.329999999999998295e+00 8.724448442459106445e+00 1.300000000000000000e+01 7.600000000000000000e+01 1.149999999999999911e+00
4.479999999999998650e+00 8.724448442459106445e+00 1.400000000000000000e+01 1.250000000000000000e+02 1.149999999999999911e+00
4.602999999999997094e+00 8.724448442459106445e+00 1.500000000000000000e+01 7.300000000000000000e+01 1.149999999999999911e+00
4.695999999999996177e+00 8.724448442459106445e+00 1.600000000000000000e+01 3.100000000000000000e+01 1.149999999999999911e+00
4.831999999999995410e+00 8.724448442459106445e+00 1.700000000000000000e+01 7.600000000000000000e+01 1.149999999999999911e+00
4.798999999999995048e+00 8.724448442459106445e+00 1.800000000000000000e+01 1.050000000000000000e+02 1.149999999999999911e+00
4.854999999999995985e+00 8.724448442459106445e+00 1.900000000000000000e+01 1.100000000000000000e+02 1.149999999999999911e+00
5.022999999999994358e+00 8.724448442459106445e+00 2.000000000000000000e+01 5.700000000000000000e+01 1.149999999999999911e+00
5.143999999999995687e+00 8.724448442459106445e+00 2.100000000000000000e+01 4.400000000000000000e+01 1.149999999999999911e+00
5.236999999999996547e+00 8.724448442459106445e+00 2.200000000000000000e+01 1.100000000000000000e+01 1.149999999999999911e+00
6.010999999999996568e+00 8.724448442459106445e+00 2.300000000000000000e+01 9.900000000000000000e+01 1.149999999999999911e+00
6.274999999999998579e+00 8.724448442459106445e+00 2.400000000000000000e+01 1.560000000000000000e+02 1.149999999999999911e+00
6.380999999999997563e+00 8.724448442459106445e+00 2.500000000000000000e+01 7.300000000000000000e+01 1.149999999999999911e+00
6.720999999999997421e+00 8.724448442459106445e+00 2.600000000000000000e+01 1.500000000000000000e+02 1.149999999999999911e+00
7.038999999999996149e+00 8.724448442459106445e+00 2.700000000000000000e+01 1.010000000000000000e+02 1.149999999999999911e+00
7.520999999999997243e+00 8.724448442459106445e+00 2.800000000000000000e+01 1.230000000000000000e+02 1.149999999999999911e+00
7.850999999999997314e+00 8.724448442459106445e+00 2.900000000000000000e+01 2.400000000000000000e+01 1.149999999999999911e+00
7.921999999999997932e+00 8.724448442459106445e+00 3.000000000000000000e+01 7.100000000000000000e+01 1.149999999999999911e+00
8.801999999999994273e+00 8.724448442459106445e+00 3.100000000000000000e+01 0.000000000000000000e+00 1.149999999999999911e+00
1.445999999999999952e+00 8.734431028366088867e+00 0.000000000000000000e+00 0.000000000000000000e+00 1.199999999999999956e+00
1.445999999999999952e+00 8.734431028366088867e+00 1.000000000000000000e+00 7.000000000000000000e+00 1.199999999999999956e+00
1.445999999999999952e+00 8.734431028366088867e+00 2.000000000000000000e+00 7.000000000000000000e+00 1.199999999999999956e+00
1.754000000000000004e+00 8.734431028366088867e+00 3.000000000000000000e+00 0.000000000000000000e+00 1.199999999999999956e+00
1.754000000000000004e+00 8.734431028366088867e+00 4.000000000000000000e+00 0.000000000000000000e+00 1.199999999999999956e+00
2.234999999999999876e+00 8.734431028366088867e+00 5.000000000000000000e+00 1.300000000000000000e+01 1.199999999999999956e+00
2.270999999999999908e+00 8.734431028366088867e+00 6.000000000000000000e+00 7.000000000000000000e+00 1.199999999999999956e+00
2.528000000000000025e+00 8.734431028366088867e+00 7.000000000000000000e+00 2.100000000000000000e+01 1.199999999999999956e+00
2.644999999999999574e+00 8.734431028366088867e+00 8.000000000000000000e+00 1.100000000000000000e+01 1.199999999999999956e+00
2.918999999999999151e+00 8.734431028366088867e+00 9.000000000000000000e+00 0.000000000000000000e+00 1.199999999999999956e+00
4.182999999999997165e+00 8.734431028366088867e+00 1.000000000000000000e+01 1.500000000000000000e+01 1.199999999999999956e+00
4.153999999999998138e+00 8.734431028366088867e+00 1.100000000000000000e+01 2.700000000000000000e+01 1.199999999999999956e+00
4.213999999999996859e+00 8.734431028366088867e+00 1.200000000000000000e+01 4.100000000000000000e+01 1.199999999999999956e+00
4.334999999999998188e+00 8.734431028366088867e+00 1.300000000000000000e+01 7.700000000000000000e+01 1.199999999999999956e+00
4.463999999999996859e+00 8.734431028366088867e+00 1.400000000000000000e+01 1.340000000000000000e+02 1.199999999999999956e+00
4.640999999999996461e+00 8.734431028366088867e+00 1.500000000000000000e+01 2.200000000000000000e+01 1.199999999999999956e+00
4.596999999999995978e+00 8.734431028366088867e+00 1.600000000000000000e+01 7.000000000000000000e+01 1.199999999999999956e+00
4.786999999999995481e+00 8.734431028366088867e+00 1.700000000000000000e+01 7.500000000000000000e+01 1.199999999999999956e+00
4.821999999999994735e+00 8.734431028366088867e+00 1.800000000000000000e+01 9.800000000000000000e+01 1.199999999999999956e+00
4.803999999999994941e+00 8.734431028366088867e+00 1.900000000000000000e+01 1.220000000000000000e+02 1.199999999999999956e+00
5.043999999999995154e+00 8.734431028366088867e+00 2.000000000000000000e+01 4.700000000000000000e+01 1.199999999999999956e+00
5.098999999999994870e+00 8.734431028366088867e+00 2.100000000000000000e+01 3.700000000000000000e+01 1.199999999999999956e+00
5.152999999999994252e+00 8.734431028366088867e+00 2.200000000000000000e+01 8.000000000000000000e+00 1.199999999999999956e+00
5.942999999999996952e+00 8.734431028366088867e+00 2.300000000000000000e+01 1.010000000000000000e+02 1.199999999999999956e+00
6.234999999999997655e+00 8.734431028366088867e+00 2.400000000000000000e+01 1.260000000000000000e+02 1.199999999999999956e+00
6.292999999999998373e+00 8.734431028366088867e+00 2.500000000000000000e+01 8.600000000000000000e+01 1.199999999999999956e+00
6.342999999999998195e+00 8.734431028366088867e+00 2.600000000000000000e+01 7.400000000000000000e+01 1.199999999999999956e+00
6.715999999999998415e+00 8.734431028366088867e+00 2.700000000000000000e+01 1.120000000000000000e+02 1.199999999999999956e+00
6.955999999999998629e+00 8.734431028366088867e+00 2.800000000000000000e+01 9.600000000000000000e+01 1.199999999999999956e+00
7.636000000000000121e+00 8.734431028366088867e+00 2.900000000000000000e+01 3.800000000000000000e+01 1.199999999999999956e+00
7.742999999999999439e+00 8.734431028366088867e+00 3.000000000000000000e+01 2.000000000000000000e+01 1.199999999999999956e+00
8.803999999999993165e+00 8.734431028366088867e+00 3.100000000000000000e+01 0.000000000000000000e+00 1.199999999999999956e+00
1.429000000000000048e+00 8.740346670150756836e+00 0.000000000000000000e+00 0.000000000000000000e+00 1.250000000000000000e+00
1.429000000000000048e+00 8.740346670150756836e+00 1.000000000000000000e+00 5.000000000000000000e+00 1.250000000000000000e+00
1.505000000000000115e+00 8.740346670150756836e+00 2.000000000000000000e+00 4.000000000000000000e+00 1.250000000000000000e+00
1.718000000000000194e+00 8.740346670150756836e+00 3.000000000000000000e+00 0.000000000000000000e+00 1.250000000000000000e+00
1.718000000000000194e+00 8.740346670150756836e+00 4.000000000000000000e+00 0.000000000000000000e+00 1.250000000000000000e+00
2.214999999999999858e+00 8.740346670150756836e+00 5.000000000000000000e+00 1.100000000000000000e+01 1.250000000000000000e+00
2.254999999999999893e+00 8.740346670150756836e+00 6.000000000000000000e+00 7.000000000000000000e+00 1.250000000000000000e+00
2.512999999999999456e+00 8.740346670150756836e+00 7.000000000000000000e+00 1.900000000000000000e+01 1.250000000000000000e+00
2.651999999999999247e+00 8.740346670150756836e+00 8.000000000000000000e+00 1.100000000000000000e+01 1.250000000000000000e+00
2.910999999999998700e+00 8.740346670150756836e+00 9.000000000000000000e+00 0.000000000000000000e+00 1.250000000000000000e+00
4.097999999999998089e+00 8.740346670150756836e+00 1.000000000000000000e+01 2.200000000000000000e+01 1.250000000000000000e+00
4.155999999999997030e+00 8.740346670150756836e+00 1.100000000000000000e+01 1.400000000000000000e+01 1.250000000000000000e+00
4.220999999999997421e+00 8.740346670150756836e+00 1.200000000000000000e+01 3.700000000000000000e+01 1.250000000000000000e+00
4.326999999999999069e+00 8.740346670150756836e+00 1.300000000000000000e+01 7.300000000000000000e+01 1.250000000000000000e+00
4.473999999999998423e+00 8.740346670150756836e+00 1.400000000000000000e+01 1.410000000000000000e+02 1.250000000000000000e+00
4.582999999999997520e+00 8.740346670150756836e+00 1.500000000000000000e+01 2.600000000000000000e+01 1.250000000000000000e+00
4.554999999999999716e+00 8.740346670150756836e+00 1.600000000000000000e+01 6.600000000000000000e+01 1.250000000000000000e+00
4.739999999999997549e+00 8.740346670150756836e+00 1.700000000000000000e+01 6.900000000000000000e+01 1.250000000000000000e+00
4.719999999999997975e+00 8.740346670150756836e+00 1.800000000000000000e+01 1.110000000000000000e+02 1.250000000000000000e+00
4.809999999999996945e+00 8.740346670150756836e+00 1.900000000000000000e+01 8.300000000000000000e+01 1.250000000000000000e+00
5.015999999999998238e+00 8.740346670150756836e+00 2.000000000000000000e+01 4.800000000000000000e+01 1.250000000000000000e+00
5.080000000000000071e+00 8.740346670150756836e+00 2.100000000000000000e+01 3.900000000000000000e+01 1.250000000000000000e+00
5.034000000000000696e+00 8.740346670150756836e+00 2.200000000000000000e+01 7.000000000000000000e+00 1.250000000000000000e+00
5.884999999999999787e+00 8.740346670150756836e+00 2.300000000000000000e+01 8.300000000000000000e+01 1.250000000000000000e+00
6.050999999999999268e+00 8.740346670150756836e+00 2.400000000000000000e+01 7.100000000000000000e+01 1.250000000000000000e+00
6.271999999999998465e+00 8.740346670150756836e+00 2.500000000000000000e+01 7.000000000000000000e+01 1.250000000000000000e+00
6.280999999999998806e+00 8.740346670150756836e+00 2.600000000000000000e+01 1.400000000000000000e+02 1.250000000000000000e+00
6.692999999999996952e+00 8.740346670150756836e+00 2.700000000000000000e+01 1.500000000000000000e+02 1.250000000000000000e+00
6.851999999999996760e+00 8.740346670150756836e+00 2.800000000000000000e+01 6.100000000000000000e+01 1.250000000000000000e+00
7.617999999999997662e+00 8.740346670150756836e+00 2.900000000000000000e+01 0.000000000000000000e+00 1.250000000000000000e+00
7.616999999999998217e+00 8.740346670150756836e+00 3.000000000000000000e+01 3.400000000000000000e+01 1.250000000000000000e+00
8.795999999999994046e+00 8.740346670150756836e+00 3.100000000000000000e+01 0.000000000000000000e+00 1.250000000000000000e+00
