1.456999999999999629e+00 8.842139959335327148e+00 0.000000000000000000e+00 0.000000000000000000e+00 7.500000000000000000e-01
1.456999999999999629e+00 8.842139959335327148e+00 1.000000000000000000e+00 4.000000000000000000e+00 7.500000000000000000e-01
1.525999999999999579e+00 8.842139959335327148e+00 2.000000000000000000e+00 5.000000000000000000e+00 7.500000000000000000e-01
1.763999999999999568e+00 8.842139959335327148e+00 3.000000000000000000e+00 0.000000000000000000e+00 7.500000000000000000e-01
1.763999999999999568e+00 8.842139959335327148e+00 4.000000000000000000e+00 0.000000000000000000e+00 7.500000000000000000e-01
2.268999999999998796e+00 8.842139959335327148e+00 5.000000000000000000e+00 0.000000000000000000e+00 7.500000000000000000e-01
2.334999999999998632e+00 8.842139959335327148e+00 6.000000000000000000e+00 1.200000000000000000e+01 7.500000000000000000e-01
2.554999999999997939e+00 8.842139959335327148e+00 7.000000000000000000e+00 1.700000000000000000e+01 7.500000000000000000e-01
2.647999999999997467e+00 8.842139959335327148e+00 8.000000000000000000e+00 7.000000000000000000e+00 7.500000000000000000e-01
2.949999999999997069e+00 8.842139959335327148e+00 9.000000000000000000e+00 0.000000000000000000e+00 7.500000000000000000e-01
4.110999999999992660e+00 8.842139959335327148e+00 1.000000000000000000e+01 9.000000000000000000e+00 7.500000000000000000e-01
4.351999999999991431e+00 8.842139959335327148e+00 1.100000000000000000e+01 6.000000000000000000e+00 7.500000000000000000e-01
4.351999999999991431e+00 8.842139959335327148e+00 1.200000000000000000e+01 2.000000000000000000e+01 7.500000000000000000e-01
4.495999999999990671e+00 8.842139959335327148e+00 1.300000000000000000e+01 1.100000000000000000e+01 7.500000000000000000e-01
4.495999999999990671e+00 8.842139959335327148e+00 1.400000000000000000e+01 1.400000000000000000e+01 7.500000000000000000e-01
4.457999999999991303e+00 8.842139959335327148e+00 1.500000000000000000e+01 1.100000000000000000e+02 7.500000000000000000e-01
4.618999999999990891e+00 8.842139959335327148e+00 1.600000000000000000e+01 2.700000000000000000e+01 7.500000000000000000e-01
4.640999999999991132e+00 8.842139959335327148e+00 1.700000000000000000e+01 1.220000000000000000e+02 7.500000000000000000e-01
4.661999999999991040e+00 8.842139959335327148e+00 1.800000000000000000e+01 6.000000000000000000e+01 7.500000000000000000e-01
4.538999999999992596e+00 8.842139959335327148e+00 1.900000000000000000e+01 3.900000000000000000e+01 7.500000000000000000e-01
4.652999999999990699e+00 8.842139959335327148e+00 2.000000000000000000e+01 4.500000000000000000e+01 7.500000000000000000e-01
4.832999999999990415e+00 8.842139959335327148e+00 2.100000000000000000e+01 3.500000000000000000e+01 7.500000000000000000e-01
4.983999999999988439e+00 8.842139959335327148e+00 2.200000000000000000e+01 1.000000000000000000e+01 7.500000000000000000e-01
5.036999999999989264e+00 8.842139959335327148e+00 2.300000000000000000e+01 2.700000000000000000e+01 7.500000000000000000e-01
5.697999999999991516e+00 8.842139959335327148e+00 2.400000000000000000e+01 1.600000000000000000e+01 7.500000000000000000e-01
5.805999999999992056e+00 8.842139959335327148e+00 2.500000000000000000e+01 2.700000000000000000e+01 7.500000000000000000e-01
5.897999999999992582e+00 8.842139959335327148e+00 2.600000000000000000e+01 3.500000000000000000e+01 7.500000000000000000e-01
6.315999999999988290e+00 8.842139959335327148e+00 2.700000000000000000e+01 3.400000000000000000e+01 7.500000000000000000e-01
6.448999999999989186e+00 8.842139959335327148e+00 2.800000000000000000e+01 6.000000000000000000e+00 7.500000000000000000e-01
7.135999999999994792e+00 8.842139959335327148e+00 2.900000000000000000e+01 0.000000000000000000e+00 7.500000000000000000e-01
7.266999999999994131e+00 8.842139959335327148e+00 3.000000000000000000e+01 0.000000000000000000e+00 7.500000000000000000e-01
8.838999999999984425e+00 8.842139959335327148e+00 3.100000000000000000e+01 0.000000000000000000e+00 7.500000000000000000e-01
1.437999999999999945e+00 8.835541725158691406e+00 0.000000000000000000e+00 0.000000000000000000e+00 8.000000000000000444e-01
1.437999999999999945e+00 8.835541725158691406e+00 1.000000000000000000e+00 4.000000000000000000e+00 8.000000000000000444e-01
1.481999999999999984e+00 8.835541725158691406e+00 2.000000000000000000e+00 5.000000000000000000e+00 8.000000000000000444e-01
1.754000000000000004e+00 8.835541725158691406e+00 3.000000000000000000e+00 0.000000000000000000e+00 8.000000000000000444e-01
1.754000000000000004e+00 8.835541725158691406e+00 4.000000000000000000e+00 0.000000000000000000e+00 8.000000000000000444e-01
2.270000000000000018e+00 8.835541725158691406e+00 5.000000000000000000e+00 0.000000000000000000e+00 8.000000000000000444e-01
2.309000000000000163e+00 8.835541725158691406e+00 6.000000000000000000e+00 1.000000000000000000e+01 8.000000000000000444e-01
2.548999999999999488e+00 8.835541725158691406e+00 7.000000000000000000e+00 1.300000000000000000e+01 8.000000000000000444e-01
2.661999999999999478e+00 8.835541725158691406e+00 8.000000000000000000e+00 5.000000000000000000e+00 8.000000000000000444e-01
2.948999999999999400e+00 8.835541725158691406e+00 9.000000000000000000e+00 0.000000000000000000e+00 8.000000000000000444e-01
4.085999999999997634e+00 8.835541725158691406e+00 1.000000000000000000e+01 1.100000000000000000e+01 8.000000000000000444e-01
4.279999999999998472e+00 8.835541725158691406e+00 1.100000000000000000e+01 1.200000000000000000e+01 8.000000000000000444e-01
4.329999999999998295e+00 8.835541725158691406e+00 1.200000000000000000e+01 2.400000000000000000e+01 8.000000000000000444e-01
4.320999999999997954e+00 8.835541725158691406e+00 1.300000000000000000e+01 7.500000000000000000e+01 8.000000000000000444e-01
4.479999999999998650e+00 8.835541725158691406e+00 1.400000000000000000e+01 2.300000000000000000e+01 8.000000000000000444e-01
4.614999999999997549e+00 8.835541725158691406e+00 1.500000000000000000e+01 1.460000000000000000e+02 8.000000000000000444e-01
4.587999999999997414e+00 8.835541725158691406e+00 1.600000000000000000e+01 4.200000000000000000e+01 8.000000000000000444e-01
4.672999999999997378e+00 8.835541725158691406e+00 1.700000000000000000e+01 4.500000000000000000e+01 8.000000000000000444e-01
4.625999999999996781e+00 8.835541725158691406e+00 1.800000000000000000e+01 5.400000000000000000e+01 8.000000000000000444e-01
4.863999999999997215e+00 8.835541725158691406e+00 1.900000000000000000e+01 6.600000000000000000e+01 8.000000000000000444e-01
4.986999999999996547e+00 8.835541725158691406e+00 2.000000000000000000e+01 4.300000000000000000e+01 8.000000000000000444e-01
5.035999999999996923e+00 8.835541725158691406e+00 2.100000000000000000e+01 2.400000000000000000e+01 8.000000000000000444e-01
5.192999999999996952e+00 8.835541725158691406e+00 2.200000000000000000e+01 4.700000000000000000e+01 8.000000000000000444e-01
5.595999999999996533e+00 8.835541725158691406e+00 2.300000000000000000e+01 1.500000000000000000e+01 8.000000000000000444e-01
5.737999999999995993e+00 8.835541725158691406e+00 2.400000000000000000e+01 2.900000000000000000e+01 8.000000000000000444e-01
6.014999999999996128e+00 8.835541725158691406e+00 2.500000000000000000e+01 9.100000000000000000e+01 8.000000000000000444e-01
6.058999999999995723e+00 8.835541725158691406e+00 2.600000000000000000e+01 5.600000000000000000e+01 8.000000000000000444e-01
6.609999999999993214e+00 8.835541725158691406e+00 2.700000000000000000e+01 2.600000000000000000e+01 8.000000000000000444e-01
6.649999999999993250e+00 8.835541725158691406e+00 2.800000000000000000e+01 5.500000000000000000e+01 8.000000000000000444e-01
7.219999999999992646e+00 8.835541725158691406e+00 2.900000000000000000e+01 0.000000000000000000e+00 8.000000000000000444e-01
7.308999999999993946e+00 8.835541725158691406e+00 3.000000000000000000e+01 0.000000000000000000e+00 8.000000000000000444e-01
8.821999999999986741e+00 8.835541725158691406e+00 3.100000000000000000e+01 0.000000000000000000e+00 8.000000000000000444e-01
1.441999999999999726e+00 8.748482465744018555e+00 0.000000000000000000e+00 0.000000000000000000e+00 8.499999999999999778e-01
1.441999999999999726e+00 8.748482465744018555e+00 1.000000000000000000e+00 6.000000000000000000e+00 8.499999999999999778e-01
1.441999999999999726e+00 8.748482465744018555e+00 2.000000000000000000e+00 6.000000000000000000e+00 8.499999999999999778e-01
1.736999999999999655e+00 8.748482465744018555e+00 3.000000000000000000e+00 0.000000000000000000e+00 8.499999999999999778e-01
1.736999999999999655e+00 8.748482465744018555e+00 4.000000000000000000e+00 0.000000000000000000e+00 8.499999999999999778e-01
2.257999999999999119e+00 8.748482465744018555e+00 5.000000000000000000e+00 1.300000000000000000e+01 8.499999999999999778e-01
2.257999999999999119e+00 8.748482465744018555e+00 6.000000000000000000e+00 2.000000000000000000e+00 8.499999999999999778e-01
2.526999999999999691e+00 8.748482465744018555e+00 7.000000000000000000e+00 1.600000000000000000e+01 8.499999999999999778e-01
2.625999999999999890e+00 8.748482465744018555e+00 8.000000000000000000e+00 6.000000000000000000e+00 8.499999999999999778e-01
2.911999999999999478e+00 8.748482465744018555e+00 9.000000000000000000e+00 0.000000000000000000e+00 8.499999999999999778e-01
4.109999999999998543e+00 8.748482465744018555e+00 1.000000000000000000e+01 1.200000000000000000e+01 8.499999999999999778e-01
4.230999999999998984e+00 8.748482465744018555e+00 1.100000000000000000e+01 9.000000000000000000e+00 8.499999999999999778e-01
4.263999999999999346e+00 8.748482465744018555e+00 1.200000000000000000e+01 2.900000000000000000e+01 8.499999999999999778e-01
4.301999999999996938e+00 8.748482465744018555e+00 1.300000000000000000e+01 7.000000000000000000e+01 8.499999999999999778e-01
4.489999999999997549e+00 8.748482465744018555e+00 1.400000000000000000e+01 1.140000000000000000e+02 8.499999999999999778e-01
4.550999999999997492e+00 8.748482465744018555e+00 1.500000000000000000e+01 1.900000000000000000e+01 8.499999999999999778e-01
4.555999999999996497e+00 8.748482465744018555e+00 1.600000000000000000e+01 5.000000000000000000e+01 8.499999999999999778e-01
4.694999999999996732e+00 8.748482465744018555e+00 1.700000000000000000e+01 4.700000000000000000e+01 8.499999999999999778e-01
4.716999999999996973e+00 8.748482465744018555e+00 1.800000000000000000e+01 5.800000000000000000e+01 8.499999999999999778e-01
4.779999999999997584e+00 8.748482465744018555e+00 1.900000000000000000e+01 4.300000000000000000e+01 8.499999999999999778e-01
4.981999999999998430e+00 8.748482465744018555e+00 2.000000000000000000e+01 3.500000000000000000e+01 8.499999999999999778e-01
5.051999999999996938e+00 8.748482465744018555e+00 2.100000000000000000e+01 2.000000000000000000e+01 8.499999999999999778e-01
5.298999999999998600e+00 8.748482465744018555e+00 2.200000000000000000e+01 8.800000000000000000e+01 8.499999999999999778e-01
5.451999999999998181e+00 8.748482465744018555e+00 2.300000000000000000e+01 6.900000000000000000e+01 8.499999999999999778e-01
5.650999999999998913e+00 8.748482465744018555e+00 2.400000000000000000e+01 1.600000000000000000e+01 8.499999999999999778e-01
5.983999999999998209e+00 8.748482465744018555e+00 2.500000000000000000e+01 8.100000000000000000e+01 8.499999999999999778e-01
5.994999999999998330e+00 8.748482465744018555e+00 2.600000000000000000e+01 3.500000000000000000e+01 8.499999999999999778e-01
6.650999999999998913e+00 8.748482465744018555e+00 2.700000000000000000e+01 4.500000000000000000e+01 8.499999999999999778e-01
6.692999999999997840e+00 8.748482465744018555e+00 2.800000000000000000e+01 3.900000000000000000e+01 8.499999999999999778e-01
7.240999999999999659e+00 8.748482465744018555e+00 2.900000000000000000e+01 0.000000000000000000e+00 8.499999999999999778e-01
7.356999999999999318e+00 8.748482465744018555e+00 3.000000000000000000e+01 0.000000000000000000e+00 8.499999999999999778e-01
8.802999999999997272e+00 8.748482465744018555e+00 3.100000000000000000e+01 0.000000000000000000e+00 8.499999999999999778e-01
1.375000000000000000e+00 8.603909254074096680e+00 0.000000000000000000e+00 0.000000000000000000e+00 9.000000000000000222e-01
1.375000000000000000e+00 8.603909254074096680e+00 1.000000000000000000e+00 5.000000000000000000e+00 9.000000000000000222e-01
1.427999999999999936e+00 8.603909254074096680e+00 2.000000000000000000e+00 5.000000000000000000e+00 9.000000000000000222e-01
1.715000000000000080e+00 8.603909254074096680e+00 3.000000000000000000e+00 0.000000000000000000e+00 9.000000000000000222e-01
1.715000000000000080e+00 8.603909254074096680e+00 4.000000000000000000e+00 0.000000000000000000e+00 9.000000000000000222e-01
2.203000000000000291e+00 8.603909254074096680e+00 5.000000000000000000e+00 1.300000000000000000e+01 9.000000000000000222e-01
2.203000000000000291e+00 8.603909254074096680e+00 6.000000000000000000e+00 4.000000000000000000e+00 9.000000000000000222e-01
2.488000000000000433e+00 8.603909254074096680e+00 7.000000000000000000e+00 1.600000000000000000e+01 9.000000000000000222e-01
2.595000000000000195e+00 8.603909254074096680e+00 8.000000000000000000e+00 8.000000000000000000e+00 9.000000000000000222e-01
2.866999999999999993e+00 8.603909254074096680e+00 9.000000000000000000e+00 0.000000000000000000e+00 9.000000000000000222e-01
4.055000000000000604e+00 8.603909254074096680e+00 1.000000000000000000e+01 1.300000000000000000e+01 9.000000000000000222e-01
4.118000000000000327e+00 8.603909254074096680e+00 1.100000000000000000e+01 9.000000000000000000e+00 9.000000000000000222e-01
4.161999999999999922e+00 8.603909254074096680e+00 1.200000000000000000e+01 2.600000000000000000e+01 9.000000000000000222e-01
4.210999999999999410e+00 8.603909254074096680e+00 1.300000000000000000e+01 5.700000000000000000e+01 9.000000000000000222e-01
4.397999999999999687e+00 8.603909254074096680e+00 1.400000000000000000e+01 9.400000000000000000e+01 9.000000000000000222e-01
4.518999999999999240e+00 8.603909254074096680e+00 1.500000000000000000e+01 1.500000000000000000e+01 9.000000000000000222e-01
4.503999999999998671e+00 8.603909254074096680e+00 1.600000000000000000e+01 4.500000000000000000e+01 9.000000000000000222e-01
4.666999999999998927e+00 8.603909254074096680e+00 1.700000000000000000e+01 4.200000000000000000e+01 9.000000000000000222e-01
4.654999999999999361e+00 8.603909254074096680e+00 1.800000000000000000e+01 5.200000000000000000e+01 9.000000000000000222e-01
4.732999999999999652e+00 8.603909254074096680e+00 1.900000000000000000e+01 3.300000000000000000e+01 9.000000000000000222e-01
5.071000000000001506e+00 8.603909254074096680e+00 2.000000000000000000e+01 3.900000000000000000e+01 9.000000000000000222e-01
4.945000000000001172e+00 8.603909254074096680e+00 2.100000000000000000e+01 8.000000000000000000e+00 9.000000000000000222e-01
5.188000000000001499e+00 8.603909254074096680e+00 2.200000000000000000e+01 4.700000000000000000e+01 9.000000000000000222e-01
5.636000000000002785e+00 8.603909254074096680e+00 2.300000000000000000e+01 8.500000000000000000e+01 9.000000000000000222e-01
5.873000000000002885e+00 8.603909254074096680e+00 2.400000000000000000e+01 6.400000000000000000e+01 9.000000000000000222e-01
5.895000000000002238e+00 8.603909254074096680e+00 2.500000000000000000e+01 2.200000000000000000e+01 9.000000000000000222e-01
6.424999999999999822e+00 8.603909254074096680e+00 2.600000000000000000e+01 4.200000000000000000e+01 9.000000000000000222e-01
6.582999999999999297e+00 8.603909254074096680e+00 2.700000000000000000e+01 6.900000000000000000e+01 9.000000000000000222e-01
6.645999999999998131e+00 8.603909254074096680e+00 2.800000000000000000e+01 2.900000000000000000e+01 9.000000000000000222e-01
7.336999999999999744e+00 8.603909254074096680e+00 2.900000000000000000e+01 0.000000000000000000e+00 9.000000000000000222e-01
7.318999999999999062e+00 8.603909254074096680e+00 3.000000000000000000e+01 1.900000000000000000e+01 9.000000000000000222e-01
8.745999999999998664e+00 8.603909254074096680e+00 3.100000000000000000e+01 0.000000000000000000e+00 9.000000000000000222e-01
1.375000000000000000e+00 8.713519811630249023e+00 0.000000000000000000e+00 0.000000000000000000e+00 9.499999999999999556e-01
1.375000000000000000e+00 8.713519811630249023e+00 1.000000000000000000e+00 4.000000000000000000e+00 9.499999999999999556e-01
1.441999999999999948e+00 8.713519811630249023e+00 2.000000000000000000e+00 5.000000000000000000e+00 9.499999999999999556e-01
1.732999999999999874e+00 8.713519811630249023e+00 3.000000000000000000e+00 0.000000000000000000e+00 9.499999999999999556e-01
1.732999999999999874e+00 8.713519811630249023e+00 4.000000000000000000e+00 0.000000000000000000e+00 9.499999999999999556e-01
2.187999999999999279e+00 8.713519811630249023e+00 5.000000000000000000e+00 1.200000000000000000e+01 9.499999999999999556e-01
2.255999999999999339e+00 8.713519811630249023e+00 6.000000000000000000e+00 6.000000000000000000e+00 9.499999999999999556e-01
2.512999999999999456e+00 8.713519811630249023e+00 7.000000000000000000e+00 1.700000000000000000e+01 9.499999999999999556e-01
2.621999999999999442e+00 8.713519811630249023e+00 8.000000000000000000e+00 9.000000000000000000e+00 9.499999999999999556e-01
2.885999999999999677e+00 8.713519811630249023e+00 9.000000000000000000e+00 0.000000000000000000e+00 9.499999999999999556e-01
4.097999999999999865e+00 8.713519811630249023e+00 1.000000000000000000e+01 1.100000000000000000e+01 9.499999999999999556e-01
4.097999999999999865e+00 8.713519811630249023e+00 1.100000000000000000e+01 2.700000000000000000e+01 9.499999999999999556e-01
4.139000000000000234e+00 8.713519811630249023e+00 1.200000000000000000e+01 2.200000000000000000e+01 9.499999999999999556e-01
4.218999999999999417e+00 8.713519811630249023e+00 1.300000000000000000e+01 5.500000000000000000e+01 9.499999999999999556e-01
4.408999999999999808e+00 8.713519811630249023e+00 1.400000000000000000e+01 7.300000000000000000e+01 9.499999999999999556e-01
4.529000000000000803e+00 8.713519811630249023e+00 1.500000000000000000e+01 1.300000000000000000e+01 9.499999999999999556e-01
4.524000000000000909e+00 8.713519811630249023e+00 1.600000000000000000e+01 4.600000000000000000e+01 9.499999999999999556e-01
4.729000000000000981e+00 8.713519811630249023e+00 1.700000000000000000e+01 4.600000000000000000e+01 9.499999999999999556e-01
4.660000000000001030e+00 8.713519811630249023e+00 1.800000000000000000e+01 5.800000000000000000e+01 9.499999999999999556e-01
4.704000000000000625e+00 8.713519811630249023e+00 1.900000000000000000e+01 4.300000000000000000e+01 9.499999999999999556e-01
5.051000000000001933e+00 8.713519811630249023e+00 2.000000000000000000e+01 4.000000000000000000e+01 9.499999999999999556e-01
4.969000000000002082e+00 8.713519811630249023e+00 2.100000000000000000e+01 7.000000000000000000e+00 9.499999999999999556e-01
5.093000000000001748e+00 8.713519811630249023e+00 2.200000000000000000e+01 2.800000000000000000e+01 9.499999999999999556e-01
5.851000000000000867e+00 8.713519811630249023e+00 2.300000000000000000e+01 5.300000000000000000e+01 9.499999999999999556e-01
6.019000000000000128e+00 8.713519811630249023e+00 2.400000000000000000e+01 6.800000000000000000e+01 9.499999999999999556e-01
6.172000000000000597e+00 8.713519811630249023e+00 2.500000000000000000e+01 2.800000000000000000e+01 9.499999999999999556e-01
6.621999999999998998e+00 8.713519811630249023e+00 2.600000000000000000e+01 5.600000000000000000e+01 9.499999999999999556e-01
6.784999999999999254e+00 8.713519811630249023e+00 2.700000000000000000e+01 3.800000000000000000e+01 9.499999999999999556e-01
6.874999999999999112e+00 8.713519811630249023e+00 2.800000000000000000e+01 4.700000000000000000e+01 9.499999999999999556e-01
7.533999999999999808e+00 8.713519811630249023e+00 2.900000000000000000e+01 0.000000000000000000e+00 9.499999999999999556e-01
7.466000000000000192e+00 8.713519811630249023e+00 3.000000000000000000e+01 1.900000000000000000e+01 9.499999999999999556e-01
8.730999999999999872e+00 8.713519811630249023e+00 3.100000000000000000e+01 0.000000000000000000e+00 9.499999999999999556e-01
1.443000000000000060e+00 8.853855848312377930e+00 0.000000000000000000e+00 0.000000000000000000e+00 1.000000000000000000e+00
1.443000000000000060e+00 8.853855848312377930e+00 1.000000000000000000e+00 7.000000000000000000e+00 1.000000000000000000e+00
1.491000000000000103e+00 8.853855848312377930e+00 2.000000000000000000e+00 7.000000000000000000e+00 1.000000000000000000e+00
1.766000000000000014e+00 8.853855848312377930e+00 3.000000000000000000e+00 0.000000000000000000e+00 1.000000000000000000e+00
1.766000000000000014e+00 8.853855848312377930e+00 4.000000000000000000e+00 0.000000000000000000e+00 1.000000000000000000e+00
2.198999999999999844e+00 8.853855848312377930e+00 5.000000000000000000e+00 7.000000000000000000e+00 1.000000000000000000e+00
2.299999999999999822e+00 8.853855848312377930e+00 6.000000000000000000e+00 7.000000000000000000e+00 1.000000000000000000e+00
2.533999999999999808e+00 8.853855848312377930e+00 7.000000000000000000e+00 1.500000000000000000e+01 1.000000000000000000e+00
2.684999999999999609e+00 8.853855848312377930e+00 8.000000000000000000e+00 1.200000000000000000e+01 1.000000000000000000e+00
2.944999999999999840e+00 8.853855848312377930e+00 9.000000000000000000e+00 0.000000000000000000e+00 1.000000000000000000e+00
4.142999999999998906e+00 8.853855848312377930e+00 1.000000000000000000e+01 1.300000000000000000e+01 1.000000000000000000e+00
4.181999999999998607e+00 8.853855848312377930e+00 1.100000000000000000e+01 3.100000000000000000e+01 1.000000000000000000e+00
4.245999999999998664e+00 8.853855848312377930e+00 1.200000000000000000e+01 3.800000000000000000e+01 1.000000000000000000e+00
4.321999999999997399e+00 8.853855848312377930e+00 1.300000000000000000e+01 6.600000000000000000e+01 1.000000000000000000e+00
4.511999999999997790e+00 8.853855848312377930e+00 1.400000000000000000e+01 1.260000000000000000e+02 1.000000000000000000e+00
4.619999999999997442e+00 8.853855848312377930e+00 1.500000000000000000e+01 2.600000000000000000e+01 1.000000000000000000e+00
4.637999999999996348e+00 8.853855848312377930e+00 1.600000000000000000e+01 6.600000000000000000e+01 1.000000000000000000e+00
4.804999999999997051e+00 8.853855848312377930e+00 1.700000000000000000e+01 5.400000000000000000e+01 1.000000000000000000e+00
4.760999999999996568e+00 8.853855848312377930e+00 1.800000000000000000e+01 1.060000000000000000e+02 1.000000000000000000e+00
4.903999999999997250e+00 8.853855848312377930e+00 1.900000000000000000e+01 5.700000000000000000e+01 1.000000000000000000e+00
5.133999999999999453e+00 8.853855848312377930e+00 2.000000000000000000e+01 5.200000000000000000e+01 1.000000000000000000e+00
5.106999999999999318e+00 8.853855848312377930e+00 2.100000000000000000e+01 3.900000000000000000e+01 1.000000000000000000e+00
5.147999999999999687e+00 8.853855848312377930e+00 2.200000000000000000e+01 3.000000000000000000e+00 1.000000000000000000e+00
5.977999999999997982e+00 8.853855848312377930e+00 2.300000000000000000e+01 8.800000000000000000e+01 1.000000000000000000e+00
6.328999999999997961e+00 8.853855848312377930e+00 2.400000000000000000e+01 6.800000000000000000e+01 1.000000000000000000e+00
6.393999999999999240e+00 8.853855848312377930e+00 2.500000000000000000e+01 5.900000000000000000e+01 1.000000000000000000e+00
6.411999999999999034e+00 8.853855848312377930e+00 2.600000000000000000e+01 1.040000000000000000e+02 1.000000000000000000e+00
7.015000000000002345e+00 8.853855848312377930e+00 2.700000000000000000e+01 8.500000000000000000e+01 1.000000000000000000e+00
7.205000000000001847e+00 8.853855848312377930e+00 2.800000000000000000e+01 1.360000000000000000e+02 1.000000000000000000e+00
7.927000000000001378e+00 8.853855848312377930e+00 2.900000000000000000e+01 1.800000000000000000e+01 1.000000000000000000e+00
7.998000000000001108e+00 8.853855848312377930e+00 3.000000000000000000e+01 6.800000000000000000e+01 1.000000000000000000e+00
8.849999999999996092e+00 8.853855848312377930e+00 3.100000000000000000e+01 0.000000000000000000e+00 1.000000000000000000e+00
1.398000000000000131e+00 8.839886188507080078e+00 0.000000000000000000e+00 0.000000000000000000e+00 1.050000000000000044e+00
1.398000000000000131e+00 8.839886188507080078e+00 1.000000000000000000e+00 8.000000000000000000e+00 1.050000000000000044e+00
1.468000000000000194e+00 8.839886188507080078e+00 2.000000000000000000e+00 6.000000000000000000e+00 1.050000000000000044e+00
1.689000000000000279e+00 8.839886188507080078e+00 3.000000000000000000e+00 0.000000000000000000e+00 1.050000000000000044e+00
1.689000000000000279e+00 8.839886188507080078e+00 4.000000000000000000e+00 0.000000000000000000e+00 1.050000000000000044e+00
2.131999999999999673e+00 8.839886188507080078e+00 5.000000000000000000e+00 1.400000000000000000e+01 1.050000000000000044e+00
2.240999999999999659e+00 8.839886188507080078e+00 6.000000000000000000e+00 1.100000000000000000e+01 1.050000000000000044e+00
2.514999999999998792e+00 8.839886188507080078e+00 7.000000000000000000e+00 2.700000000000000000e+01 1.050000000000000044e+00
2.639999999999998792e+00 8.839886188507080078e+00 8.000000000000000000e+00 1.700000000000000000e+01 1.050000000000000044e+00
2.851999999999998536e+00 8.839886188507080078e+00 9.000000000000000000e+00 0.000000000000000000e+00 1.050000000000000044e+00
4.081999999999996298e+00 8.839886188507080078e+00 1.000000000000000000e+01 1.500000000000000000e+01 1.050000000000000044e+00
4.111999999999996547e+00 8.839886188507080078e+00 1.100000000000000000e+01 4.100000000000000000e+01 1.050000000000000044e+00
4.276999999999996582e+00 8.839886188507080078e+00 1.200000000000000000e+01 4.500000000000000000e+01 1.050000000000000044e+00
4.269999999999996021e+00 8.839886188507080078e+00 1.300000000000000000e+01 7.000000000000000000e+01 1.050000000000000044e+00
4.468999999999996753e+00 8.839886188507080078e+00 1.400000000000000000e+01 1.360000000000000000e+02 1.050000000000000044e+00
4.602999999999996206e+00 8.839886188507080078e+00 1.500000000000000000e+01 4.100000000000000000e+01 1.050000000000000044e+00
4.526999999999994806e+00 8.839886188507080078e+00 1.600000000000000000e+01 7.300000000000000000e+01 1.050000000000000044e+00
4.734999999999995879e+00 8.839886188507080078e+00 1.700000000000000000e+01 9.100000000000000000e+01 1.050000000000000044e+00
4.828999999999996184e+00 8.839886188507080078e+00 1.800000000000000000e+01 5.600000000000000000e+01 1.050000000000000044e+00
4.841999999999995197e+00 8.839886188507080078e+00 1.900000000000000000e+01 1.320000000000000000e+02 1.050000000000000044e+00
5.041999999999996263e+00 8.839886188507080078e+00 2.000000000000000000e+01 6.500000000000000000e+01 1.050000000000000044e+00
5.132999999999996454e+00 8.839886188507080078e+00 2.100000000000000000e+01 4.700000000000000000e+01 1.050000000000000044e+00
5.304999999999997939e+00 8.839886188507080078e+00 2.200000000000000000e+01 8.000000000000000000e+00 1.050000000000000044e+00
6.169000000000000483e+00 8.839886188507080078e+00 2.300000000000000000e+01 7.200000000000000000e+01 1.050000000000000044e+00
6.580000000000000071e+00 8.839886188507080078e+00 2.400000000000000000e+01 1.390000000000000000e+02 1.050000000000000044e+00
6.567000000000000171e+00 8.839886188507080078e+00 2.500000000000000000e+01 8.800000000000000000e+01 1.050000000000000044e+00
6.979999999999998650e+00 8.839886188507080078e+00 2.600000000000000000e+01 1.080000000000000000e+02 1.050000000000000044e+00
6.990999999999998771e+00 8.839886188507080078e+00 2.700000000000000000e+01 8.200000000000000000e+01 1.050000000000000044e+00
7.569000000000003503e+00 8.839886188507080078e+00 2.800000000000000000e+01 1.330000000000000000e+02 1.050000000000000044e+00
7.921000000000002927e+00 8.839886188507080078e+00 2.900000000000000000e+01 5.400000000000000000e+01 1.050000000000000044e+00
8.252000000000000668e+00 8.839886188507080078e+00 3.000000000000000000e+01 2.000000000000000000e+01 1.050000000000000044e+00
8.922999999999991161e+00 8.839886188507080078e+00 3.100000000000000000e+01 0.000000000000000000e+00 1.050000000000000044e+00
1.381999999999999895e+00 1.061067819595336914e+01 0.000000000000000000e+00 7.000000000000000000e+00 1.100000000000000089e+00
1.437999999999999945e+00 1.061067819595336914e+01 1.000000000000000000e+00 0.000000000000000000e+00 1.100000000000000089e+00
1.514000000000000012e+00 1.061067819595336914e+01 2.000000000000000000e+00 5.000000000000000000e+00 1.100000000000000089e+00
1.729999999999999982e+00 1.061067819595336914e+01 3.000000000000000000e+00 0.000000000000000000e+00 1.100000000000000089e+00
1.729999999999999982e+00 1.061067819595336914e+01 4.000000000000000000e+00 0.000000000000000000e+00 1.100000000000000089e+00
2.158999999999999808e+00 1.061067819595336914e+01 5.000000000000000000e+00 1.300000000000000000e+01 1.100000000000000089e+00
2.267999999999999794e+00 1.061067819595336914e+01 6.000000000000000000e+00 1.000000000000000000e+01 1.100000000000000089e+00
2.537999999999999812e+00 1.061067819595336914e+01 7.000000000000000000e+00 2.500000000000000000e+01 1.100000000000000089e+00
2.694999999999999396e+00 1.061067819595336914e+01 8.000000000000000000e+00 1.800000000000000000e+01 1.100000000000000089e+00
2.910999999999999588e+00 1.061067819595336914e+01 9.000000000000000000e+00 0.000000000000000000e+00 1.100000000000000089e+00
4.109999999999995879e+00 1.061067819595336914e+01 1.000000000000000000e+01 1.600000000000000000e+01 1.100000000000000089e+00
4.134999999999996234e+00 1.061067819595336914e+01 1.100000000000000000e+01 4.200000000000000000e+01 1.100000000000000089e+00
4.317999999999995175e+00 1.061067819595336914e+01 1.200000000000000000e+01 7.000000000000000000e+01 1.100000000000000089e+00
4.378999999999995119e+00 1.061067819595336914e+01 1.300000000000000000e+01 5.600000000000000000e+01 1.100000000000000089e+00
4.534999999999994813e+00 1.061067819595336914e+01 1.400000000000000000e+01 1.400000000000000000e+02 1.100000000000000089e+00
4.593999999999994088e+00 1.061067819595336914e+01 1.500000000000000000e+01 4.900000000000000000e+01 1.100000000000000089e+00
4.594999999999995310e+00 1.061067819595336914e+01 1.600000000000000000e+01 7.500000000000000000e+01 1.100000000000000089e+00
4.780999999999995254e+00 1.061067819595336914e+01 1.700000000000000000e+01 8.800000000000000000e+01 1.100000000000000089e+00
4.889999999999994351e+00 1.061067819595336914e+01 1.800000000000000000e+01 6.800000000000000000e+01 1.100000000000000089e+00
4.922999999999993825e+00 1.061067819595336914e+01 1.900000000000000000e+01 1.440000000000000000e+02 1.100000000000000089e+00
5.129999999999991900e+00 1.061067819595336914e+01 2.000000000000000000e+01 7.800000000000000000e+01 1.100000000000000089e+00
5.215999999999992198e+00 1.061067819595336914e+01 2.100000000000000000e+01 5.400000000000000000e+01 1.100000000000000089e+00
5.445999999999993513e+00 1.061067819595336914e+01 2.200000000000000000e+01 2.800000000000000000e+01 1.100000000000000089e+00
6.220999999999996533e+00 1.061067819595336914e+01 2.300000000000000000e+01 6.200000000000000000e+01 1.100000000000000089e+00
6.775999999999998913e+00 1.061067819595336914e+01 2.400000000000000000e+01 1.810000000000000000e+02 1.100000000000000089e+00
7.027999999999997804e+00 1.061067819595336914e+01 2.500000000000000000e+01 8.900000000000000000e+01 1.100000000000000089e+00
7.660999999999996035e+00 1.061067819595336914e+01 2.600000000000000000e+01 1.200000000000000000e+02 1.100000000000000089e+00
7.802999999999993719e+00 1.061067819595336914e+01 2.700000000000000000e+01 2.260000000000000000e+02 1.100000000000000089e+00
8.362999999999983558e+00 1.061067819595336914e+01 2.800000000000000000e+01 8.900000000000000000e+01 1.100000000000000089e+00
8.833999999999980091e+00 1.061067819595336914e+01 2.900000000000000000e+01 1.910000000000000000e+02 1.100000000000000089e+00
9.902999999999980929e+00 1.061067819595336914e+01 3.000000000000000000e+01 7.200000000000000000e+01 1.100000000000000089e+00
1.076199999999997736e+01 1.061067819595336914e+01 3.100000000000000000e+01 1.020000000000000000e+02 1.100000000000000089e+00
1.424999999999999822e+00 9.667794466018676758e+00 0.000000000000000000e+00 0.000000000000000000e+00 1.149999999999999911e+00
1.424999999999999822e+00 9.667794466018676758e+00 1.000000000000000000e+00 8.000000000000000000e+00 1.149999999999999911e+00
1.424999999999999822e+00 9.667794466018676758e+00 2.000000000000000000e+00 5.000000000000000000e+00 1.149999999999999911e+00
1.707999999999999963e+00 9.667794466018676758e+00 3.000000000000000000e+00 0.000000000000000000e+00 1.149999999999999911e+00
1.707999999999999963e+00 9.667794466018676758e+00 4.000000000000000000e+00 0.000000000000000000e+00 1.149999999999999911e+00
2.100999999999999979e+00 9.667794466018676758e+00 5.000000000000000000e+00 1.200000000000000000e+01 1.149999999999999911e+00
2.221999999999999975e+00 9.667794466018676758e+00 6.000000000000000000e+00 9.000000000000000000e+00 1.149999999999999911e+00
2.510999999999999677e+00 9.667794466018676758e+00 7.000000000000000000e+00 2.300000000000000000e+01 1.149999999999999911e+00
2.704999999999999627e+00 9.667794466018676758e+00 8.000000000000000000e+00 1.700000000000000000e+01 1.149999999999999911e+00
2.870999999999999996e+00 9.667794466018676758e+00 9.000000000000000000e+00 0.000000000000000000e+00 1.149999999999999911e+00
4.012999999999999012e+00 9.667794466018676758e+00 1.000000000000000000e+01 1.700000000000000000e+01 1.149999999999999911e+00
4.037999999999999368e+00 9.667794466018676758e+00 1.100000000000000000e+01 3.800000000000000000e+01 1.149999999999999911e+00
4.250999999999999446e+00 9.667794466018676758e+00 1.200000000000000000e+01 6.100000000000000000e+01 1.149999999999999911e+00
4.386999999999999567e+00 9.667794466018676758e+00 1.300000000000000000e+01 5.600000000000000000e+01 1.149999999999999911e+00
4.419999999999999041e+00 9.667794466018676758e+00 1.400000000000000000e+01 3.900000000000000000e+01 1.149999999999999911e+00
4.484999999999999432e+00 9.667794466018676758e+00 1.500000000000000000e+01 1.360000000000000000e+02 1.149999999999999911e+00
4.449999999999998401e+00 9.667794466018676758e+00 1.600000000000000000e+01 5.900000000000000000e+01 1.149999999999999911e+00
4.735999999999998877e+00 9.667794466018676758e+00 1.700000000000000000e+01 9.500000000000000000e+01 1.149999999999999911e+00
4.852999999999998870e+00 9.667794466018676758e+00 1.800000000000000000e+01 6.300000000000000000e+01 1.149999999999999911e+00
4.880999999999997563e+00 9.667794466018676758e+00 1.900000000000000000e+01 1.610000000000000000e+02 1.149999999999999911e+00
5.175999999999999268e+00 9.667794466018676758e+00 2.000000000000000000e+01 4.000000000000000000e+01 1.149999999999999911e+00
5.368999999999996220e+00 9.667794466018676758e+00 2.100000000000000000e+01 4.800000000000000000e+01 1.149999999999999911e+00
5.586999999999996191e+00 9.667794466018676758e+00 2.200000000000000000e+01 9.800000000000000000e+01 1.149999999999999911e+00
6.473999999999998423e+00 9.667794466018676758e+00 2.300000000000000000e+01 8.700000000000000000e+01 1.149999999999999911e+00
6.896999999999997577e+00 9.667794466018676758e+00 2.400000000000000000e+01 2.000000000000000000e+02 1.149999999999999911e+00
7.601999999999998536e+00 9.667794466018676758e+00 2.500000000000000000e+01 2.380000000000000000e+02 1.149999999999999911e+00
7.692999999999999616e+00 9.667794466018676758e+00 2.600000000000000000e+01 1.320000000000000000e+02 1.149999999999999911e+00
8.230999999999999872e+00 9.667794466018676758e+00 2.700000000000000000e+01 1.380000000000000000e+02 1.149999999999999911e+00
8.560999999999996390e+00 9.667794466018676758e+00 2.800000000000000000e+01 8.300000000000000000e+01 1.149999999999999911e+00
8.920999999999994046e+00 9.667794466018676758e+00 2.900000000000000000e+01 2.020000000000000000e+02 1.149999999999999911e+00
8.992999999999994998e+00 9.667794466018676758e+00 3.000000000000000000e+01 1.500000000000000000e+02 1.149999999999999911e+00
9.654999999999994031e+00 9.667794466018676758e+00 3.100000000000000000e+01 3.000000000000000000e+01 1.149999999999999911e+00
1.394000000000000128e+00 1.058653378486633301e+01 0.000000000000000000e+00 0.000000000000000000e+00 1.199999999999999956e+00
1.394000000000000128e+00 1.058653378486633301e+01 1.000000000000000000e+00 9.000000000000000000e+00 1.199999999999999956e+00
1.465000000000000080e+00 1.058653378486633301e+01 2.000000000000000000e+00 6.000000000000000000e+00 1.199999999999999956e+00
1.757000000000000117e+00 1.058653378486633301e+01 3.000000000000000000e+00 0.000000000000000000e+00 1.199999999999999956e+00
1.757000000000000117e+00 1.058653378486633301e+01 4.000000000000000000e+00 0.000000000000000000e+00 1.199999999999999956e+00
2.112999999999999545e+00 1.058653378486633301e+01 5.000000000000000000e+00 1.100000000000000000e+01 1.199999999999999956e+00
2.252999999999999670e+00 1.058653378486633301e+01 6.000000000000000000e+00 1.100000000000000000e+01 1.199999999999999956e+00
2.547999999999999154e+00 1.058653378486633301e+01 7.000000000000000000e+00 2.600000000000000000e+01 1.199999999999999956e+00
2.754999999999998561e+00 1.058653378486633301e+01 8.000000000000000000e+00 2.100000000000000000e+01 1.199999999999999956e+00
2.881999999999998341e+00 1.058653378486633301e+01 9.000000000000000000e+00 0.000000000000000000e+00 1.199999999999999956e+00
4.047999999999998266e+00 1.058653378486633301e+01 1.000000000000000000e+01 1.600000000000000000e+01 1.199999999999999956e+00
4.076999999999998181e+00 1.058653378486633301e+01 1.100000000000000000e+01 4.000000000000000000e+01 1.199999999999999956e+00
4.274999999999999467e+00 1.058653378486633301e+01 1.200000000000000000e+01 8.700000000000000000e+01 1.199999999999999956e+00
4.469999999999998863e+00 1.058653378486633301e+01 1.300000000000000000e+01 4.800000000000000000e+01 1.199999999999999956e+00
4.555999999999998273e+00 1.058653378486633301e+01 1.400000000000000000e+01 1.550000000000000000e+02 1.199999999999999956e+00
4.615999999999998771e+00 1.058653378486633301e+01 1.500000000000000000e+01 8.800000000000000000e+01 1.199999999999999956e+00
4.565999999999998948e+00 1.058653378486633301e+01 1.600000000000000000e+01 7.700000000000000000e+01 1.199999999999999956e+00
4.918999999999998707e+00 1.058653378486633301e+01 1.700000000000000000e+01 7.500000000000000000e+01 1.199999999999999956e+00
4.921999999999998820e+00 1.058653378486633301e+01 1.800000000000000000e+01 1.350000000000000000e+02 1.199999999999999956e+00
5.077999999999999403e+00 1.058653378486633301e+01 1.900000000000000000e+01 2.350000000000000000e+02 1.199999999999999956e+00
5.246999999999998998e+00 1.058653378486633301e+01 2.000000000000000000e+01 3.400000000000000000e+01 1.199999999999999956e+00
5.664999999999997371e+00 1.058653378486633301e+01 2.100000000000000000e+01 1.200000000000000000e+02 1.199999999999999956e+00
5.689999999999998614e+00 1.058653378486633301e+01 2.200000000000000000e+01 7.800000000000000000e+01 1.199999999999999956e+00
6.490999999999997883e+00 1.058653378486633301e+01 2.300000000000000000e+01 1.020000000000000000e+02 1.199999999999999956e+00
7.016000000000000902e+00 1.058653378486633301e+01 2.400000000000000000e+01 1.990000000000000000e+02 1.199999999999999956e+00
7.595999999999998309e+00 1.058653378486633301e+01 2.500000000000000000e+01 1.240000000000000000e+02 1.199999999999999956e+00
8.299999999999998934e+00 1.058653378486633301e+01 2.600000000000000000e+01 2.890000000000000000e+02 1.199999999999999956e+00
8.466999999999998749e+00 1.058653378486633301e+01 2.700000000000000000e+01 1.680000000000000000e+02 1.199999999999999956e+00
9.186999999999994060e+00 1.058653378486633301e+01 2.800000000000000000e+01 2.460000000000000000e+02 1.199999999999999956e+00
9.187999999999995282e+00 1.058653378486633301e+01 2.900000000000000000e+01 1.820000000000000000e+02 1.199999999999999956e+00
9.884999999999989129e+00 1.058653378486633301e+01 3.000000000000000000e+01 3.700000000000000000e+01 1.199999999999999956e+00
1.074699999999997679e+01 1.058653378486633301e+01 3.100000000000000000e+01 2.210000000000000000e+02 1.199999999999999956e+00
1.399000000000000243e+00 1.375321841239929199e+01 0.000000000000000000e+00 1.000000000000000000e+00 1.250000000000000000e+00
1.399000000000000243e+00 1.375321841239929199e+01 1.000000000000000000e+00 8.000000000000000000e+00 1.250000000000000000e+00
1.499000000000000332e+00 1.375321841239929199e+01 2.000000000000000000e+00 6.000000000000000000e+00 1.250000000000000000e+00
1.790000000000000258e+00 1.375321841239929199e+01 3.000000000000000000e+00 0.000000000000000000e+00 1.250000000000000000e+00
1.790000000000000258e+00 1.375321841239929199e+01 4.000000000000000000e+00 0.000000000000000000e+00 1.250000000000000000e+00
2.130999999999999783e+00 1.375321841239929199e+01 5.000000000000000000e+00 1.400000000000000000e+01 1.250000000000000000e+00
2.267999999999999794e+00 1.375321841239929199e+01 6.000000000000000000e+00 1.300000000000000000e+01 1.250000000000000000e+00
2.616999999999999549e+00 1.375321841239929199e+01 7.000000000000000000e+00 3.000000000000000000e+01 1.250000000000000000e+00
2.861999999999999211e+00 1.375321841239929199e+01 8.000000000000000000e+00 1.800000000000000000e+01 1.250000000000000000e+00
2.938999999999999169e+00 1.375321841239929199e+01 9.000000000000000000e+00 0.000000000000000000e+00 1.250000000000000000e+00
4.025999999999997137e+00 1.375321841239929199e+01 1.000000000000000000e+01 1.600000000000000000e+01 1.250000000000000000e+00
4.050999999999997492e+00 1.375321841239929199e+01 1.100000000000000000e+01 3.500000000000000000e+01 1.250000000000000000e+00
4.267999999999998018e+00 1.375321841239929199e+01 1.200000000000000000e+01 9.000000000000000000e+01 1.250000000000000000e+00
4.619999999999998330e+00 1.375321841239929199e+01 1.300000000000000000e+01 1.710000000000000000e+02 1.250000000000000000e+00
4.590999999999998415e+00 1.375321841239929199e+01 1.400000000000000000e+01 8.000000000000000000e+01 1.250000000000000000e+00
4.952999999999997627e+00 1.375321841239929199e+01 1.500000000000000000e+01 7.800000000000000000e+01 1.250000000000000000e+00
5.113999999999997215e+00 1.375321841239929199e+01 1.600000000000000000e+01 1.570000000000000000e+02 1.250000000000000000e+00
5.248999999999997002e+00 1.375321841239929199e+01 1.700000000000000000e+01 3.900000000000000000e+01 1.250000000000000000e+00
5.492999999999997662e+00 1.375321841239929199e+01 1.800000000000000000e+01 2.730000000000000000e+02 1.250000000000000000e+00
5.693999999999998174e+00 1.375321841239929199e+01 1.900000000000000000e+01 1.470000000000000000e+02 1.250000000000000000e+00
6.071999999999998288e+00 1.375321841239929199e+01 2.000000000000000000e+01 1.590000000000000000e+02 1.250000000000000000e+00
6.418999999999998707e+00 1.375321841239929199e+01 2.100000000000000000e+01 1.050000000000000000e+02 1.250000000000000000e+00
6.961999999999997968e+00 1.375321841239929199e+01 2.200000000000000000e+01 3.180000000000000000e+02 1.250000000000000000e+00
7.239999999999999325e+00 1.375321841239929199e+01 2.300000000000000000e+01 2.250000000000000000e+02 1.250000000000000000e+00
7.338999999999999524e+00 1.375321841239929199e+01 2.400000000000000000e+01 1.250000000000000000e+02 1.250000000000000000e+00
8.459000000000003183e+00 1.375321841239929199e+01 2.500000000000000000e+01 3.430000000000000000e+02 1.250000000000000000e+00
1.033900000000000752e+01 1.375321841239929199e+01 2.600000000000000000e+01 4.560000000000000000e+02 1.250000000000000000e+00
1.056300000000000772e+01 1.375321841239929199e+01 2.700000000000000000e+01 2.990000000000000000e+02 1.250000000000000000e+00
1.167800000000000438e+01 1.375321841239929199e+01 2.800000000000000000e+01 3.000000000000000000e+02 1.250000000000000000e+00
1.180800000000000871e+01 1.375321841239929199e+01 2.900000000000000000e+01 4.240000000000000000e+02 1.250000000000000000e+00
1.301800000000000246e+01 1.375321841239929199e+01 3.000000000000000000e+01 4.180000000000000000e+02 1.250000000000000000e+00
1.383000000000000007e+01 1.375321841239929199e+01 3.100000000000000000e+01 2.200000000000000000e+02 1.250000000000000000e+00
