1.801999999999999824e+00 1.381205892562866211e+01 0.000000000000000000e+00 0.000000000000000000e+00 7.500000000000000000e-01
1.801999999999999824e+00 1.381205892562866211e+01 1.000000000000000000e+00 9.000000000000000000e+00 7.500000000000000000e-01
1.850999999999999757e+00 1.381205892562866211e+01 2.000000000000000000e+00 9.000000000000000000e+00 7.500000000000000000e-01
2.252999999999999226e+00 1.381205892562866211e+01 3.000000000000000000e+00 0.000000000000000000e+00 7.500000000000000000e-01
2.252999999999999226e+00 1.381205892562866211e+01 4.000000000000000000e+00 0.000000000000000000e+00 7.500000000000000000e-01
2.853999999999999648e+00 1.381205892562866211e+01 5.000000000000000000e+00 1.700000000000000000e+01 7.500000000000000000e-01
2.962999999999999634e+00 1.381205892562866211e+01 6.000000000000000000e+00 1.200000000000000000e+01 7.500000000000000000e-01
3.347999999999999421e+00 1.381205892562866211e+01 7.000000000000000000e+00 3.000000000000000000e+01 7.500000000000000000e-01
3.544999999999999485e+00 1.381205892562866211e+01 8.000000000000000000e+00 2.200000000000000000e+01 7.500000000000000000e-01
3.764999999999999236e+00 1.381205892562866211e+01 9.000000000000000000e+00 0.000000000000000000e+00 7.500000000000000000e-01
5.432999999999996277e+00 1.381205892562866211e+01 1.000000000000000000e+01 1.500000000000000000e+01 7.500000000000000000e-01
5.432999999999996277e+00 1.381205892562866211e+01 1.100000000000000000e+01 2.900000000000000000e+01 7.500000000000000000e-01
5.711999999999998856e+00 1.381205892562866211e+01 1.200000000000000000e+01 5.800000000000000000e+01 7.500000000000000000e-01
5.829999999999999183e+00 1.381205892562866211e+01 1.300000000000000000e+01 4.800000000000000000e+01 7.500000000000000000e-01
6.023999999999999133e+00 1.381205892562866211e+01 1.400000000000000000e+01 9.500000000000000000e+01 7.500000000000000000e-01
6.052999999999999048e+00 1.381205892562866211e+01 1.500000000000000000e+01 6.500000000000000000e+01 7.500000000000000000e-01
6.288999999999997037e+00 1.381205892562866211e+01 1.600000000000000000e+01 5.500000000000000000e+01 7.500000000000000000e-01
6.431999999999997719e+00 1.381205892562866211e+01 1.700000000000000000e+01 4.800000000000000000e+01 7.500000000000000000e-01
6.588999999999997748e+00 1.381205892562866211e+01 1.800000000000000000e+01 6.000000000000000000e+01 7.500000000000000000e-01
6.772999999999999687e+00 1.381205892562866211e+01 1.900000000000000000e+01 6.500000000000000000e+01 7.500000000000000000e-01
6.871999999999999886e+00 1.381205892562866211e+01 2.000000000000000000e+01 4.300000000000000000e+01 7.500000000000000000e-01
7.362999999999999545e+00 1.381205892562866211e+01 2.100000000000000000e+01 1.090000000000000000e+02 7.500000000000000000e-01
7.362999999999998657e+00 1.381205892562866211e+01 2.200000000000000000e+01 5.400000000000000000e+01 7.500000000000000000e-01
8.335999999999991417e+00 1.381205892562866211e+01 2.300000000000000000e+01 8.600000000000000000e+01 7.500000000000000000e-01
9.094999999999979323e+00 1.381205892562866211e+01 2.400000000000000000e+01 1.690000000000000000e+02 7.500000000000000000e-01
9.253999999999978243e+00 1.381205892562866211e+01 2.500000000000000000e+01 1.020000000000000000e+02 7.500000000000000000e-01
9.890999999999975145e+00 1.381205892562866211e+01 2.600000000000000000e+01 9.600000000000000000e+01 7.500000000000000000e-01
1.034499999999997755e+01 1.381205892562866211e+01 2.700000000000000000e+01 2.340000000000000000e+02 7.500000000000000000e-01
1.076999999999997648e+01 1.381205892562866211e+01 2.800000000000000000e+01 7.700000000000000000e+01 7.500000000000000000e-01
1.160699999999997623e+01 1.381205892562866211e+01 2.900000000000000000e+01 1.690000000000000000e+02 7.500000000000000000e-01
1.288999999999997215e+01 1.381205892562866211e+01 3.000000000000000000e+01 4.100000000000000000e+01 7.500000000000000000e-01
1.388199999999996237e+01 1.381205892562866211e+01 3.100000000000000000e+01 5.200000000000000000e+01 7.500000000000000000e-01
1.717000000000000304e+00 1.296012163162231445e+01 0.000000000000000000e+00 0.000000000000000000e+00 8.000000000000000444e-01
1.717000000000000304e+00 1.296012163162231445e+01 1.000000000000000000e+00 7.000000000000000000e+00 8.000000000000000444e-01
1.797000000000000375e+00 1.296012163162231445e+01 2.000000000000000000e+00 7.000000000000000000e+00 8.000000000000000444e-01
2.139000000000000234e+00 1.296012163162231445e+01 3.000000000000000000e+00 0.000000000000000000e+00 8.000000000000000444e-01
2.139000000000000234e+00 1.296012163162231445e+01 4.000000000000000000e+00 0.000000000000000000e+00 8.000000000000000444e-01
2.695000000000000284e+00 1.296012163162231445e+01 5.000000000000000000e+00 1.500000000000000000e+01 8.000000000000000444e-01
2.800000000000000266e+00 1.296012163162231445e+01 6.000000000000000000e+00 8.000000000000000000e+00 8.000000000000000444e-01
3.166000000000000369e+00 1.296012163162231445e+01 7.000000000000000000e+00 2.700000000000000000e+01 8.000000000000000444e-01
3.334000000000000519e+00 1.296012163162231445e+01 8.000000000000000000e+00 1.800000000000000000e+01 8.000000000000000444e-01
3.562000000000000277e+00 1.296012163162231445e+01 9.000000000000000000e+00 0.000000000000000000e+00 8.000000000000000444e-01
5.103000000000000647e+00 1.296012163162231445e+01 1.000000000000000000e+01 1.300000000000000000e+01 8.000000000000000444e-01
5.133000000000000895e+00 1.296012163162231445e+01 1.100000000000000000e+01 3.100000000000000000e+01 8.000000000000000444e-01
5.351000000000000867e+00 1.296012163162231445e+01 1.200000000000000000e+01 5.800000000000000000e+01 8.000000000000000444e-01
5.454000000000000625e+00 1.296012163162231445e+01 1.300000000000000000e+01 4.300000000000000000e+01 8.000000000000000444e-01
5.633000000000000007e+00 1.296012163162231445e+01 1.400000000000000000e+01 1.020000000000000000e+02 8.000000000000000444e-01
5.696999999999999176e+00 1.296012163162231445e+01 1.500000000000000000e+01 6.200000000000000000e+01 8.000000000000000444e-01
5.924999999999998934e+00 1.296012163162231445e+01 1.600000000000000000e+01 5.000000000000000000e+01 8.000000000000000444e-01
6.048999999999997712e+00 1.296012163162231445e+01 1.700000000000000000e+01 4.700000000000000000e+01 8.000000000000000444e-01
6.152999999999996916e+00 1.296012163162231445e+01 1.800000000000000000e+01 6.700000000000000000e+01 8.000000000000000444e-01
6.342999999999996419e+00 1.296012163162231445e+01 1.900000000000000000e+01 5.600000000000000000e+01 8.000000000000000444e-01
6.421999999999996156e+00 1.296012163162231445e+01 2.000000000000000000e+01 3.700000000000000000e+01 8.000000000000000444e-01
6.834999999999993747e+00 1.296012163162231445e+01 2.100000000000000000e+01 1.010000000000000000e+02 8.000000000000000444e-01
6.789999999999993818e+00 1.296012163162231445e+01 2.200000000000000000e+01 4.200000000000000000e+01 8.000000000000000444e-01
7.797999999999995602e+00 1.296012163162231445e+01 2.300000000000000000e+01 8.000000000000000000e+01 8.000000000000000444e-01
8.361999999999992994e+00 1.296012163162231445e+01 2.400000000000000000e+01 1.570000000000000000e+02 8.000000000000000444e-01
8.609999999999992326e+00 1.296012163162231445e+01 2.500000000000000000e+01 8.000000000000000000e+01 8.000000000000000444e-01
9.182999999999989171e+00 1.296012163162231445e+01 2.600000000000000000e+01 1.040000000000000000e+02 8.000000000000000444e-01
9.694999999999987850e+00 1.296012163162231445e+01 2.700000000000000000e+01 2.430000000000000000e+02 8.000000000000000444e-01
9.999999999999985789e+00 1.296012163162231445e+01 2.800000000000000000e+01 6.800000000000000000e+01 8.000000000000000444e-01
1.088799999999997326e+01 1.296012163162231445e+01 2.900000000000000000e+01 1.790000000000000000e+02 8.000000000000000444e-01
1.203799999999997539e+01 1.296012163162231445e+01 3.000000000000000000e+01 4.800000000000000000e+01 8.000000000000000444e-01
1.299299999999996658e+01 1.296012163162231445e+01 3.100000000000000000e+01 6.800000000000000000e+01 8.000000000000000444e-01
1.648000000000000131e+00 1.048651289939880371e+01 0.000000000000000000e+00 0.000000000000000000e+00 8.499999999999999778e-01
1.648000000000000131e+00 1.048651289939880371e+01 1.000000000000000000e+00 6.000000000000000000e+00 8.499999999999999778e-01
1.702000000000000179e+00 1.048651289939880371e+01 2.000000000000000000e+00 6.000000000000000000e+00 8.499999999999999778e-01
2.000000000000000000e+00 1.048651289939880371e+01 3.000000000000000000e+00 0.000000000000000000e+00 8.499999999999999778e-01
2.000000000000000000e+00 1.048651289939880371e+01 4.000000000000000000e+00 0.000000000000000000e+00 8.499999999999999778e-01
2.551999999999999602e+00 1.048651289939880371e+01 5.000000000000000000e+00 1.400000000000000000e+01 8.499999999999999778e-01
2.670999999999999375e+00 1.048651289939880371e+01 6.000000000000000000e+00 1.000000000000000000e+01 8.499999999999999778e-01
2.995999999999999108e+00 1.048651289939880371e+01 7.000000000000000000e+00 2.600000000000000000e+01 8.499999999999999778e-01
3.134999999999998899e+00 1.048651289939880371e+01 8.000000000000000000e+00 1.700000000000000000e+01 8.499999999999999778e-01
3.391999999999999016e+00 1.048651289939880371e+01 9.000000000000000000e+00 0.000000000000000000e+00 8.499999999999999778e-01
4.832999999999997520e+00 1.048651289939880371e+01 1.000000000000000000e+01 1.300000000000000000e+01 8.499999999999999778e-01
4.867999999999997662e+00 1.048651289939880371e+01 1.100000000000000000e+01 3.300000000000000000e+01 8.499999999999999778e-01
5.060999999999997279e+00 1.048651289939880371e+01 1.200000000000000000e+01 6.000000000000000000e+01 8.499999999999999778e-01
5.109999999999997655e+00 1.048651289939880371e+01 1.300000000000000000e+01 4.200000000000000000e+01 8.499999999999999778e-01
5.305999999999996497e+00 1.048651289939880371e+01 1.400000000000000000e+01 1.100000000000000000e+02 8.499999999999999778e-01
5.330999999999996852e+00 1.048651289939880371e+01 1.500000000000000000e+01 6.300000000000000000e+01 8.499999999999999778e-01
5.590999999999994863e+00 1.048651289939880371e+01 1.600000000000000000e+01 5.800000000000000000e+01 8.499999999999999778e-01
5.699999999999994849e+00 1.048651289939880371e+01 1.700000000000000000e+01 4.800000000000000000e+01 8.499999999999999778e-01
5.740999999999994330e+00 1.048651289939880371e+01 1.800000000000000000e+01 5.800000000000000000e+01 8.499999999999999778e-01
5.784999999999993925e+00 1.048651289939880371e+01 1.900000000000000000e+01 7.500000000000000000e+01 8.499999999999999778e-01
5.937999999999993506e+00 1.048651289939880371e+01 2.000000000000000000e+01 5.400000000000000000e+01 8.499999999999999778e-01
6.043999999999995154e+00 1.048651289939880371e+01 2.100000000000000000e+01 4.100000000000000000e+01 8.499999999999999778e-01
6.226999999999994984e+00 1.048651289939880371e+01 2.200000000000000000e+01 5.000000000000000000e+00 8.499999999999999778e-01
7.355999999999990102e+00 1.048651289939880371e+01 2.300000000000000000e+01 8.200000000000000000e+01 8.499999999999999778e-01
7.436999999999989619e+00 1.048651289939880371e+01 2.400000000000000000e+01 1.080000000000000000e+02 8.499999999999999778e-01
7.640999999999988468e+00 1.048651289939880371e+01 2.500000000000000000e+01 7.800000000000000000e+01 8.499999999999999778e-01
8.050999999999989498e+00 1.048651289939880371e+01 2.600000000000000000e+01 8.100000000000000000e+01 8.499999999999999778e-01
8.598999999999985988e+00 1.048651289939880371e+01 2.700000000000000000e+01 1.060000000000000000e+02 8.499999999999999778e-01
8.645999999999988361e+00 1.048651289939880371e+01 2.800000000000000000e+01 1.050000000000000000e+02 8.499999999999999778e-01
9.387999999999975032e+00 1.048651289939880371e+01 2.900000000000000000e+01 6.500000000000000000e+01 8.499999999999999778e-01
9.669999999999975060e+00 1.048651289939880371e+01 3.000000000000000000e+01 1.500000000000000000e+01 8.499999999999999778e-01
1.046199999999996777e+01 1.048651289939880371e+01 3.100000000000000000e+01 0.000000000000000000e+00 8.499999999999999778e-01
1.593999999999999639e+00 9.828665256500244141e+00 0.000000000000000000e+00 0.000000000000000000e+00 9.000000000000000222e-01
1.593999999999999639e+00 9.828665256500244141e+00 1.000000000000000000e+00 6.000000000000000000e+00 9.000000000000000222e-01
1.645999999999999686e+00 9.828665256500244141e+00 2.000000000000000000e+00 7.000000000000000000e+00 9.000000000000000222e-01
1.930999999999999606e+00 9.828665256500244141e+00 3.000000000000000000e+00 0.000000000000000000e+00 9.000000000000000222e-01
1.930999999999999606e+00 9.828665256500244141e+00 4.000000000000000000e+00 0.000000000000000000e+00 9.000000000000000222e-01
2.445999999999999286e+00 9.828665256500244141e+00 5.000000000000000000e+00 1.400000000000000000e+01 9.000000000000000222e-01
2.524999999999999467e+00 9.828665256500244141e+00 6.000000000000000000e+00 9.000000000000000000e+00 9.000000000000000222e-01
2.842999999999999083e+00 9.828665256500244141e+00 7.000000000000000000e+00 2.300000000000000000e+01 9.000000000000000222e-01
2.985999999999998877e+00 9.828665256500244141e+00 8.000000000000000000e+00 1.400000000000000000e+01 9.000000000000000222e-01
3.231999999999998430e+00 9.828665256500244141e+00 9.000000000000000000e+00 0.000000000000000000e+00 9.000000000000000222e-01
4.605999999999996319e+00 9.828665256500244141e+00 1.000000000000000000e+01 1.200000000000000000e+01 9.000000000000000222e-01
4.605999999999996319e+00 9.828665256500244141e+00 1.100000000000000000e+01 3.200000000000000000e+01 9.000000000000000222e-01
4.796999999999996156e+00 9.828665256500244141e+00 1.200000000000000000e+01 3.600000000000000000e+01 9.000000000000000222e-01
4.819999999999995843e+00 9.828665256500244141e+00 1.300000000000000000e+01 6.200000000000000000e+01 9.000000000000000222e-01
4.991999999999997328e+00 9.828665256500244141e+00 1.400000000000000000e+01 1.060000000000000000e+02 9.000000000000000222e-01
5.079999999999996518e+00 9.828665256500244141e+00 1.500000000000000000e+01 6.000000000000000000e+01 9.000000000000000222e-01
5.294999999999996376e+00 9.828665256500244141e+00 1.600000000000000000e+01 4.000000000000000000e+01 9.000000000000000222e-01
5.292999999999996597e+00 9.828665256500244141e+00 1.700000000000000000e+01 6.000000000000000000e+01 9.000000000000000222e-01
5.378999999999996895e+00 9.828665256500244141e+00 1.800000000000000000e+01 4.600000000000000000e+01 9.000000000000000222e-01
5.431999999999995055e+00 9.828665256500244141e+00 1.900000000000000000e+01 6.900000000000000000e+01 9.000000000000000222e-01
5.606999999999997542e+00 9.828665256500244141e+00 2.000000000000000000e+01 5.200000000000000000e+01 9.000000000000000222e-01
5.716999999999996973e+00 9.828665256500244141e+00 2.100000000000000000e+01 3.800000000000000000e+01 9.000000000000000222e-01
5.887999999999994571e+00 9.828665256500244141e+00 2.200000000000000000e+01 7.000000000000000000e+00 9.000000000000000222e-01
6.932999999999998941e+00 9.828665256500244141e+00 2.300000000000000000e+01 9.200000000000000000e+01 9.000000000000000222e-01
6.949999999999998401e+00 9.828665256500244141e+00 2.400000000000000000e+01 8.000000000000000000e+01 9.000000000000000222e-01
7.164999999999999147e+00 9.828665256500244141e+00 2.500000000000000000e+01 7.100000000000000000e+01 9.000000000000000222e-01
7.533000000000001251e+00 9.828665256500244141e+00 2.600000000000000000e+01 7.300000000000000000e+01 9.000000000000000222e-01
7.999000000000003219e+00 9.828665256500244141e+00 2.700000000000000000e+01 9.800000000000000000e+01 9.000000000000000222e-01
8.135000000000001563e+00 9.828665256500244141e+00 2.800000000000000000e+01 9.700000000000000000e+01 9.000000000000000222e-01
8.788999999999999702e+00 9.828665256500244141e+00 2.900000000000000000e+01 5.500000000000000000e+01 9.000000000000000222e-01
9.055999999999999162e+00 9.828665256500244141e+00 3.000000000000000000e+01 1.500000000000000000e+01 9.000000000000000222e-01
9.825999999999996959e+00 9.828665256500244141e+00 3.100000000000000000e+01 0.000000000000000000e+00 9.000000000000000222e-01
1.516000000000000458e+00 9.297535419464111328e+00 0.000000000000000000e+00 0.000000000000000000e+00 9.499999999999999556e-01
1.516000000000000458e+00 9.297535419464111328e+00 1.000000000000000000e+00 5.000000000000000000e+00 9.499999999999999556e-01
1.585000000000000409e+00 9.297535419464111328e+00 2.000000000000000000e+00 4.000000000000000000e+00 9.499999999999999556e-01
1.852000000000000313e+00 9.297535419464111328e+00 3.000000000000000000e+00 0.000000000000000000e+00 9.499999999999999556e-01
1.852000000000000313e+00 9.297535419464111328e+00 4.000000000000000000e+00 0.000000000000000000e+00 9.499999999999999556e-01
2.308000000000000718e+00 9.297535419464111328e+00 5.000000000000000000e+00 1.000000000000000000e+01 9.499999999999999556e-01
2.414000000000000590e+00 9.297535419464111328e+00 6.000000000000000000e+00 6.000000000000000000e+00 9.499999999999999556e-01
2.703000000000000291e+00 9.297535419464111328e+00 7.000000000000000000e+00 1.800000000000000000e+01 9.499999999999999556e-01
2.833000000000000629e+00 9.297535419464111328e+00 8.000000000000000000e+00 1.000000000000000000e+01 9.499999999999999556e-01
3.092000000000000526e+00 9.297535419464111328e+00 9.000000000000000000e+00 0.000000000000000000e+00 9.499999999999999556e-01
4.356999999999999318e+00 9.297535419464111328e+00 1.000000000000000000e+01 1.200000000000000000e+01 9.499999999999999556e-01
4.356999999999999318e+00 9.297535419464111328e+00 1.100000000000000000e+01 3.000000000000000000e+01 9.499999999999999556e-01
4.392000000000000348e+00 9.297535419464111328e+00 1.200000000000000000e+01 3.100000000000000000e+01 9.499999999999999556e-01
4.487999999999999545e+00 9.297535419464111328e+00 1.300000000000000000e+01 4.400000000000000000e+01 9.499999999999999556e-01
4.657999999999996810e+00 9.297535419464111328e+00 1.400000000000000000e+01 9.300000000000000000e+01 9.499999999999999556e-01
4.835999999999996746e+00 9.297535419464111328e+00 1.500000000000000000e+01 1.200000000000000000e+01 9.499999999999999556e-01
4.777999999999997804e+00 9.297535419464111328e+00 1.600000000000000000e+01 4.200000000000000000e+01 9.499999999999999556e-01
5.048999999999995936e+00 9.297535419464111328e+00 1.700000000000000000e+01 3.700000000000000000e+01 9.499999999999999556e-01
5.020999999999996355e+00 9.297535419464111328e+00 1.800000000000000000e+01 5.100000000000000000e+01 9.499999999999999556e-01
5.045999999999996710e+00 9.297535419464111328e+00 1.900000000000000000e+01 6.100000000000000000e+01 9.499999999999999556e-01
5.311999999999996724e+00 9.297535419464111328e+00 2.000000000000000000e+01 2.800000000000000000e+01 9.499999999999999556e-01
5.480999999999995431e+00 9.297535419464111328e+00 2.100000000000000000e+01 5.000000000000000000e+01 9.499999999999999556e-01
5.413999999999997925e+00 9.297535419464111328e+00 2.200000000000000000e+01 6.000000000000000000e+00 9.499999999999999556e-01
6.331999999999992745e+00 9.297535419464111328e+00 2.300000000000000000e+01 8.500000000000000000e+01 9.499999999999999556e-01
6.476999999999994095e+00 9.297535419464111328e+00 2.400000000000000000e+01 6.100000000000000000e+01 9.499999999999999556e-01
6.700999999999992518e+00 9.297535419464111328e+00 2.500000000000000000e+01 6.000000000000000000e+01 9.499999999999999556e-01
7.130999999999991346e+00 9.297535419464111328e+00 2.600000000000000000e+01 6.500000000000000000e+01 9.499999999999999556e-01
7.325999999999991630e+00 9.297535419464111328e+00 2.700000000000000000e+01 5.800000000000000000e+01 9.499999999999999556e-01
7.398999999999991140e+00 9.297535419464111328e+00 2.800000000000000000e+01 8.800000000000000000e+01 9.499999999999999556e-01
8.122999999999992227e+00 9.297535419464111328e+00 2.900000000000000000e+01 3.600000000000000000e+01 9.499999999999999556e-01
8.394999999999988916e+00 9.297535419464111328e+00 3.000000000000000000e+01 1.300000000000000000e+01 9.499999999999999556e-01
9.273999999999983146e+00 9.297535419464111328e+00 3.100000000000000000e+01 0.000000000000000000e+00 9.499999999999999556e-01
1.437000000000000277e+00 8.868203639984130859e+00 0.000000000000000000e+00 0.000000000000000000e+00 1.000000000000000000e+00
1.437000000000000277e+00 8.868203639984130859e+00 1.000000000000000000e+00 5.000000000000000000e+00 1.000000000000000000e+00
1.486000000000000210e+00 8.868203639984130859e+00 2.000000000000000000e+00 4.000000000000000000e+00 1.000000000000000000e+00
1.779000000000000137e+00 8.868203639984130859e+00 3.000000000000000000e+00 0.000000000000000000e+00 1.000000000000000000e+00
1.779000000000000137e+00 8.868203639984130859e+00 4.000000000000000000e+00 0.000000000000000000e+00 1.000000000000000000e+00
2.225000000000000089e+00 8.868203639984130859e+00 5.000000000000000000e+00 1.100000000000000000e+01 1.000000000000000000e+00
2.312000000000000277e+00 8.868203639984130859e+00 6.000000000000000000e+00 6.000000000000000000e+00 1.000000000000000000e+00
2.573000000000000398e+00 8.868203639984130859e+00 7.000000000000000000e+00 2.000000000000000000e+01 1.000000000000000000e+00
2.701000000000000512e+00 8.868203639984130859e+00 8.000000000000000000e+00 1.100000000000000000e+01 1.000000000000000000e+00
2.960000000000000409e+00 8.868203639984130859e+00 9.000000000000000000e+00 0.000000000000000000e+00 1.000000000000000000e+00
4.153999999999999027e+00 8.868203639984130859e+00 1.000000000000000000e+01 1.100000000000000000e+01 1.000000000000000000e+00
4.191999999999999282e+00 8.868203639984130859e+00 1.100000000000000000e+01 2.800000000000000000e+01 1.000000000000000000e+00
4.238999999999998991e+00 8.868203639984130859e+00 1.200000000000000000e+01 2.600000000000000000e+01 1.000000000000000000e+00
4.309999999999998721e+00 8.868203639984130859e+00 1.300000000000000000e+01 5.600000000000000000e+01 1.000000000000000000e+00
4.481999999999999318e+00 8.868203639984130859e+00 1.400000000000000000e+01 9.400000000000000000e+01 1.000000000000000000e+00
4.647999999999998799e+00 8.868203639984130859e+00 1.500000000000000000e+01 1.300000000000000000e+01 1.000000000000000000e+00
4.591999999999997861e+00 8.868203639984130859e+00 1.600000000000000000e+01 5.900000000000000000e+01 1.000000000000000000e+00
4.801999999999996938e+00 8.868203639984130859e+00 1.700000000000000000e+01 6.300000000000000000e+01 1.000000000000000000e+00
4.860999999999997101e+00 8.868203639984130859e+00 1.800000000000000000e+01 4.600000000000000000e+01 1.000000000000000000e+00
4.831999999999995410e+00 8.868203639984130859e+00 1.900000000000000000e+01 7.500000000000000000e+01 1.000000000000000000e+00
5.172999999999995602e+00 8.868203639984130859e+00 2.000000000000000000e+01 5.600000000000000000e+01 1.000000000000000000e+00
5.121999999999993669e+00 8.868203639984130859e+00 2.100000000000000000e+01 4.000000000000000000e+01 1.000000000000000000e+00
5.178999999999993165e+00 8.868203639984130859e+00 2.200000000000000000e+01 8.000000000000000000e+00 1.000000000000000000e+00
6.066999999999994841e+00 8.868203639984130859e+00 2.300000000000000000e+01 8.800000000000000000e+01 1.000000000000000000e+00
6.180999999999995609e+00 8.868203639984130859e+00 2.400000000000000000e+01 7.400000000000000000e+01 1.000000000000000000e+00
6.426999999999996938e+00 8.868203639984130859e+00 2.500000000000000000e+01 6.100000000000000000e+01 1.000000000000000000e+00
6.778999999999996362e+00 8.868203639984130859e+00 2.600000000000000000e+01 7.700000000000000000e+01 1.000000000000000000e+00
6.996999999999995445e+00 8.868203639984130859e+00 2.700000000000000000e+01 6.700000000000000000e+01 1.000000000000000000e+00
7.101999999999995872e+00 8.868203639984130859e+00 2.800000000000000000e+01 1.010000000000000000e+02 1.000000000000000000e+00
7.737999999999993328e+00 8.868203639984130859e+00 2.900000000000000000e+01 3.800000000000000000e+01 1.000000000000000000e+00
8.026999999999992141e+00 8.868203639984130859e+00 3.000000000000000000e+01 2.200000000000000000e+01 1.000000000000000000e+00
8.840999999999981540e+00 8.868203639984130859e+00 3.100000000000000000e+01 0.000000000000000000e+00 1.000000000000000000e+00
1.417000000000000259e+00 8.461300849914550781e+00 0.000000000000000000e+00 0.000000000000000000e+00 1.050000000000000044e+00
1.417000000000000259e+00 8.461300849914550781e+00 1.000000000000000000e+00 7.000000000000000000e+00 1.050000000000000044e+00
1.417000000000000259e+00 8.461300849914550781e+00 2.000000000000000000e+00 6.000000000000000000e+00 1.050000000000000044e+00
1.687000000000000277e+00 8.461300849914550781e+00 3.000000000000000000e+00 0.000000000000000000e+00 1.050000000000000044e+00
1.687000000000000277e+00 8.461300849914550781e+00 4.000000000000000000e+00 0.000000000000000000e+00 1.050000000000000044e+00
2.155000000000000249e+00 8.461300849914550781e+00 5.000000000000000000e+00 1.200000000000000000e+01 1.050000000000000044e+00
2.228000000000000203e+00 8.461300849914550781e+00 6.000000000000000000e+00 7.000000000000000000e+00 1.050000000000000044e+00
2.438000000000000167e+00 8.461300849914550781e+00 7.000000000000000000e+00 1.700000000000000000e+01 1.050000000000000044e+00
2.589999999999999858e+00 8.461300849914550781e+00 8.000000000000000000e+00 9.000000000000000000e+00 1.050000000000000044e+00
2.808999999999999719e+00 8.461300849914550781e+00 9.000000000000000000e+00 0.000000000000000000e+00 1.050000000000000044e+00
4.013999999999998458e+00 8.461300849914550781e+00 1.000000000000000000e+01 1.100000000000000000e+01 1.050000000000000044e+00
3.964999999999998970e+00 8.461300849914550781e+00 1.100000000000000000e+01 2.100000000000000000e+01 1.050000000000000044e+00
4.013999999999998458e+00 8.461300849914550781e+00 1.200000000000000000e+01 2.800000000000000000e+01 1.050000000000000044e+00
4.120999999999999552e+00 8.461300849914550781e+00 1.300000000000000000e+01 5.100000000000000000e+01 1.050000000000000044e+00
4.238999999999998991e+00 8.461300849914550781e+00 1.400000000000000000e+01 8.700000000000000000e+01 1.050000000000000044e+00
4.390999999999999126e+00 8.461300849914550781e+00 1.500000000000000000e+01 1.400000000000000000e+01 1.050000000000000044e+00
4.360999999999998877e+00 8.461300849914550781e+00 1.600000000000000000e+01 5.000000000000000000e+01 1.050000000000000044e+00
4.603999999999997428e+00 8.461300849914550781e+00 1.700000000000000000e+01 4.700000000000000000e+01 1.050000000000000044e+00
4.534999999999997478e+00 8.461300849914550781e+00 1.800000000000000000e+01 7.900000000000000000e+01 1.050000000000000044e+00
4.558999999999997499e+00 8.461300849914550781e+00 1.900000000000000000e+01 6.500000000000000000e+01 1.050000000000000044e+00
4.824999999999997513e+00 8.461300849914550781e+00 2.000000000000000000e+01 3.400000000000000000e+01 1.050000000000000044e+00
4.872999999999997556e+00 8.461300849914550781e+00 2.100000000000000000e+01 7.000000000000000000e+00 1.050000000000000044e+00
5.176999999999996049e+00 8.461300849914550781e+00 2.200000000000000000e+01 5.600000000000000000e+01 1.050000000000000044e+00
5.728999999999995651e+00 8.461300849914550781e+00 2.300000000000000000e+01 8.200000000000000000e+01 1.050000000000000044e+00
5.929999999999994387e+00 8.461300849914550781e+00 2.400000000000000000e+01 7.300000000000000000e+01 1.050000000000000044e+00
6.119999999999994778e+00 8.461300849914550781e+00 2.500000000000000000e+01 6.400000000000000000e+01 1.050000000000000044e+00
6.578999999999994408e+00 8.461300849914550781e+00 2.600000000000000000e+01 1.000000000000000000e+02 1.050000000000000044e+00
6.645999999999995467e+00 8.461300849914550781e+00 2.700000000000000000e+01 6.500000000000000000e+01 1.050000000000000044e+00
6.757999999999994678e+00 8.461300849914550781e+00 2.800000000000000000e+01 1.000000000000000000e+02 1.050000000000000044e+00
7.418999999999994266e+00 8.461300849914550781e+00 2.900000000000000000e+01 4.900000000000000000e+01 1.050000000000000044e+00
7.633999999999995900e+00 8.461300849914550781e+00 3.000000000000000000e+01 2.300000000000000000e+01 1.050000000000000044e+00
8.388999999999986912e+00 8.461300849914550781e+00 3.100000000000000000e+01 0.000000000000000000e+00 1.050000000000000044e+00
1.342999999999999750e+00 8.078964710235595703e+00 0.000000000000000000e+00 0.000000000000000000e+00 1.100000000000000089e+00
1.342999999999999750e+00 8.078964710235595703e+00 1.000000000000000000e+00 5.000000000000000000e+00 1.100000000000000089e+00
1.396999999999999797e+00 8.078964710235595703e+00 2.000000000000000000e+00 4.000000000000000000e+00 1.100000000000000089e+00
1.672999999999999821e+00 8.078964710235595703e+00 3.000000000000000000e+00 0.000000000000000000e+00 1.100000000000000089e+00
1.672999999999999821e+00 8.078964710235595703e+00 4.000000000000000000e+00 0.000000000000000000e+00 1.100000000000000089e+00
2.112999999999999545e+00 8.078964710235595703e+00 5.000000000000000000e+00 1.000000000000000000e+01 1.100000000000000089e+00
2.112999999999999545e+00 8.078964710235595703e+00 6.000000000000000000e+00 3.000000000000000000e+00 1.100000000000000089e+00
2.357999999999999652e+00 8.078964710235595703e+00 7.000000000000000000e+00 1.400000000000000000e+01 1.100000000000000089e+00
2.464999999999999414e+00 8.078964710235595703e+00 8.000000000000000000e+00 8.000000000000000000e+00 1.100000000000000089e+00
2.703999999999999293e+00 8.078964710235595703e+00 9.000000000000000000e+00 0.000000000000000000e+00 1.100000000000000089e+00
3.845999999999997421e+00 8.078964710235595703e+00 1.000000000000000000e+01 1.200000000000000000e+01 1.100000000000000089e+00
3.801999999999997382e+00 8.078964710235595703e+00 1.100000000000000000e+01 2.300000000000000000e+01 1.100000000000000089e+00
3.899999999999997247e+00 8.078964710235595703e+00 1.200000000000000000e+01 3.200000000000000000e+01 1.100000000000000089e+00
3.953999999999997073e+00 8.078964710235595703e+00 1.300000000000000000e+01 6.100000000000000000e+01 1.100000000000000089e+00
4.111999999999997435e+00 8.078964710235595703e+00 1.400000000000000000e+01 1.150000000000000000e+02 1.100000000000000089e+00
4.248999999999997002e+00 8.078964710235595703e+00 1.500000000000000000e+01 2.100000000000000000e+01 1.100000000000000089e+00
4.212999999999996525e+00 8.078964710235595703e+00 1.600000000000000000e+01 5.500000000000000000e+01 1.100000000000000089e+00
4.402999999999996916e+00 8.078964710235595703e+00 1.700000000000000000e+01 5.600000000000000000e+01 1.100000000000000089e+00
4.352999999999997094e+00 8.078964710235595703e+00 1.800000000000000000e+01 9.600000000000000000e+01 1.100000000000000089e+00
4.444999999999997620e+00 8.078964710235595703e+00 1.900000000000000000e+01 6.600000000000000000e+01 1.100000000000000089e+00
4.681999999999996831e+00 8.078964710235595703e+00 2.000000000000000000e+01 5.000000000000000000e+01 1.100000000000000089e+00
4.665999999999997705e+00 8.078964710235595703e+00 2.100000000000000000e+01 3.400000000000000000e+01 1.100000000000000089e+00
4.676999999999996049e+00 8.078964710235595703e+00 2.200000000000000000e+01 6.000000000000000000e+00 1.100000000000000089e+00
5.469999999999996199e+00 8.078964710235595703e+00 2.300000000000000000e+01 8.700000000000000000e+01 1.100000000000000089e+00
5.678999999999996717e+00 8.078964710235595703e+00 2.400000000000000000e+01 7.900000000000000000e+01 1.100000000000000089e+00
5.880999999999995786e+00 8.078964710235595703e+00 2.500000000000000000e+01 6.600000000000000000e+01 1.100000000000000089e+00
6.197999999999994181e+00 8.078964710235595703e+00 2.600000000000000000e+01 8.400000000000000000e+01 1.100000000000000089e+00
6.469999999999993534e+00 8.078964710235595703e+00 2.700000000000000000e+01 9.400000000000000000e+01 1.100000000000000089e+00
6.538999999999994373e+00 8.078964710235595703e+00 2.800000000000000000e+01 7.100000000000000000e+01 1.100000000000000089e+00
7.110999999999991772e+00 8.078964710235595703e+00 2.900000000000000000e+01 3.800000000000000000e+01 1.100000000000000089e+00
7.290999999999992376e+00 8.078964710235595703e+00 3.000000000000000000e+01 2.100000000000000000e+01 1.100000000000000089e+00
8.032999999999994145e+00 8.078964710235595703e+00 3.100000000000000000e+01 0.000000000000000000e+00 1.100000000000000089e+00
1.330000000000000293e+00 7.767387866973876953e+00 0.000000000000000000e+00 0.000000000000000000e+00 1.149999999999999911e+00
1.330000000000000293e+00 7.767387866973876953e+00 1.000000000000000000e+00 5.000000000000000000e+00 1.149999999999999911e+00
1.401000000000000245e+00 7.767387866973876953e+00 2.000000000000000000e+00 4.000000000000000000e+00 1.149999999999999911e+00
1.580999999999999961e+00 7.767387866973876953e+00 3.000000000000000000e+00 0.000000000000000000e+00 1.149999999999999911e+00
1.580999999999999961e+00 7.767387866973876953e+00 4.000000000000000000e+00 0.000000000000000000e+00 1.149999999999999911e+00
2.015000000000000124e+00 7.767387866973876953e+00 5.000000000000000000e+00 1.200000000000000000e+01 1.149999999999999911e+00
2.054000000000000270e+00 7.767387866973876953e+00 6.000000000000000000e+00 6.000000000000000000e+00 1.149999999999999911e+00
2.278999999999999915e+00 7.767387866973876953e+00 7.000000000000000000e+00 1.600000000000000000e+01 1.149999999999999911e+00
2.387999999999999456e+00 7.767387866973876953e+00 8.000000000000000000e+00 8.000000000000000000e+00 1.149999999999999911e+00
2.619999999999999662e+00 7.767387866973876953e+00 9.000000000000000000e+00 0.000000000000000000e+00 1.149999999999999911e+00
3.723999999999999755e+00 7.767387866973876953e+00 1.000000000000000000e+01 1.100000000000000000e+01 1.149999999999999911e+00
3.687999999999999723e+00 7.767387866973876953e+00 1.100000000000000000e+01 2.300000000000000000e+01 1.149999999999999911e+00
3.723999999999999755e+00 7.767387866973876953e+00 1.200000000000000000e+01 3.000000000000000000e+01 1.149999999999999911e+00
3.819999999999999396e+00 7.767387866973876953e+00 1.300000000000000000e+01 5.400000000000000000e+01 1.149999999999999911e+00
3.948999999999999400e+00 7.767387866973876953e+00 1.400000000000000000e+01 9.100000000000000000e+01 1.149999999999999911e+00
4.066999999999998394e+00 7.767387866973876953e+00 1.500000000000000000e+01 1.500000000000000000e+01 1.149999999999999911e+00
4.039999999999998259e+00 7.767387866973876953e+00 1.600000000000000000e+01 5.200000000000000000e+01 1.149999999999999911e+00
4.257999999999997343e+00 7.767387866973876953e+00 1.700000000000000000e+01 5.200000000000000000e+01 1.149999999999999911e+00
4.218999999999997641e+00 7.767387866973876953e+00 1.800000000000000000e+01 6.700000000000000000e+01 1.149999999999999911e+00
4.210999999999997634e+00 7.767387866973876953e+00 1.900000000000000000e+01 9.400000000000000000e+01 1.149999999999999911e+00
4.491999999999998217e+00 7.767387866973876953e+00 2.000000000000000000e+01 3.600000000000000000e+01 1.149999999999999911e+00
4.636999999999996902e+00 7.767387866973876953e+00 2.100000000000000000e+01 5.100000000000000000e+01 1.149999999999999911e+00
4.475999999999997314e+00 7.767387866973876953e+00 2.200000000000000000e+01 9.000000000000000000e+00 1.149999999999999911e+00
5.292999999999995708e+00 7.767387866973876953e+00 2.300000000000000000e+01 7.900000000000000000e+01 1.149999999999999911e+00
5.353999999999996540e+00 7.767387866973876953e+00 2.400000000000000000e+01 8.900000000000000000e+01 1.149999999999999911e+00
5.653999999999999027e+00 7.767387866973876953e+00 2.500000000000000000e+01 6.500000000000000000e+01 1.149999999999999911e+00
5.925999999999998380e+00 7.767387866973876953e+00 2.600000000000000000e+01 9.900000000000000000e+01 1.149999999999999911e+00
6.055999999999998273e+00 7.767387866973876953e+00 2.700000000000000000e+01 5.700000000000000000e+01 1.149999999999999911e+00
6.262999999999996348e+00 7.767387866973876953e+00 2.800000000000000000e+01 9.900000000000000000e+01 1.149999999999999911e+00
6.741999999999995552e+00 7.767387866973876953e+00 2.900000000000000000e+01 3.700000000000000000e+01 1.149999999999999911e+00
7.045999999999994046e+00 7.767387866973876953e+00 3.000000000000000000e+01 2.700000000000000000e+01 1.149999999999999911e+00
7.741999999999994664e+00 7.767387866973876953e+00 3.100000000000000000e+01 0.000000000000000000e+00 1.149999999999999911e+00
1.330000000000000071e+00 7.452926397323608398e+00 0.000000000000000000e+00 0.000000000000000000e+00 1.199999999999999956e+00
1.330000000000000071e+00 7.452926397323608398e+00 1.000000000000000000e+00 6.000000000000000000e+00 1.199999999999999956e+00
1.330000000000000071e+00 7.452926397323608398e+00 2.000000000000000000e+00 5.000000000000000000e+00 1.199999999999999956e+00
1.558999999999999941e+00 7.452926397323608398e+00 3.000000000000000000e+00 0.000000000000000000e+00 1.199999999999999956e+00
1.558999999999999941e+00 7.452926397323608398e+00 4.000000000000000000e+00 0.000000000000000000e+00 1.199999999999999956e+00
1.943999999999999728e+00 7.452926397323608398e+00 5.000000000000000000e+00 1.100000000000000000e+01 1.199999999999999956e+00
1.985999999999999766e+00 7.452926397323608398e+00 6.000000000000000000e+00 6.000000000000000000e+00 1.199999999999999956e+00
2.233999999999999542e+00 7.452926397323608398e+00 7.000000000000000000e+00 1.600000000000000000e+01 1.199999999999999956e+00
2.315999999999999392e+00 7.452926397323608398e+00 8.000000000000000000e+00 8.000000000000000000e+00 1.199999999999999956e+00
2.517999999999999350e+00 7.452926397323608398e+00 9.000000000000000000e+00 0.000000000000000000e+00 1.199999999999999956e+00
3.558999999999998387e+00 7.452926397323608398e+00 1.000000000000000000e+01 1.100000000000000000e+01 1.199999999999999956e+00
3.524999999999998579e+00 7.452926397323608398e+00 1.100000000000000000e+01 1.900000000000000000e+01 1.199999999999999956e+00
3.592999999999998195e+00 7.452926397323608398e+00 1.200000000000000000e+01 3.100000000000000000e+01 1.199999999999999956e+00
3.642999999999998018e+00 7.452926397323608398e+00 1.300000000000000000e+01 6.100000000000000000e+01 1.199999999999999956e+00
3.800999999999997492e+00 7.452926397323608398e+00 1.400000000000000000e+01 1.020000000000000000e+02 1.199999999999999956e+00
3.920999999999997154e+00 7.452926397323608398e+00 1.500000000000000000e+01 1.800000000000000000e+01 1.199999999999999956e+00
3.875999999999997669e+00 7.452926397323608398e+00 1.600000000000000000e+01 5.500000000000000000e+01 1.199999999999999956e+00
4.074999999999996625e+00 7.452926397323608398e+00 1.700000000000000000e+01 5.800000000000000000e+01 1.199999999999999956e+00
4.050999999999996604e+00 7.452926397323608398e+00 1.800000000000000000e+01 1.060000000000000000e+02 1.199999999999999956e+00
4.086999999999996191e+00 7.452926397323608398e+00 1.900000000000000000e+01 7.400000000000000000e+01 1.199999999999999956e+00
4.340999999999997527e+00 7.452926397323608398e+00 2.000000000000000000e+01 4.000000000000000000e+01 1.199999999999999956e+00
4.309999999999998721e+00 7.452926397323608398e+00 2.100000000000000000e+01 8.000000000000000000e+00 1.199999999999999956e+00
4.458999999999996966e+00 7.452926397323608398e+00 2.200000000000000000e+01 5.200000000000000000e+01 1.199999999999999956e+00
5.091999999999996973e+00 7.452926397323608398e+00 2.300000000000000000e+01 8.200000000000000000e+01 1.199999999999999956e+00
5.152999999999996028e+00 7.452926397323608398e+00 2.400000000000000000e+01 1.000000000000000000e+02 1.199999999999999956e+00
5.457999999999997520e+00 7.452926397323608398e+00 2.500000000000000000e+01 6.900000000000000000e+01 1.199999999999999956e+00
5.686999999999999389e+00 7.452926397323608398e+00 2.600000000000000000e+01 1.030000000000000000e+02 1.199999999999999956e+00
5.847999999999998977e+00 7.452926397323608398e+00 2.700000000000000000e+01 6.000000000000000000e+01 1.199999999999999956e+00
6.061999999999998501e+00 7.452926397323608398e+00 2.800000000000000000e+01 1.000000000000000000e+02 1.199999999999999956e+00
6.491999999999999993e+00 7.452926397323608398e+00 2.900000000000000000e+01 3.600000000000000000e+01 1.199999999999999956e+00
6.788999999999998813e+00 7.452926397323608398e+00 3.000000000000000000e+01 2.800000000000000000e+01 1.199999999999999956e+00
7.438999999999999169e+00 7.452926397323608398e+00 3.100000000000000000e+01 0.000000000000000000e+00 1.199999999999999956e+00
1.219000000000000083e+00 7.196486473083496094e+00 0.000000000000000000e+00 5.000000000000000000e+00 1.250000000000000000e+00
1.299000000000000155e+00 7.196486473083496094e+00 1.000000000000000000e+00 0.000000000000000000e+00 1.250000000000000000e+00
1.299000000000000155e+00 7.196486473083496094e+00 2.000000000000000000e+00 4.000000000000000000e+00 1.250000000000000000e+00
1.495000000000000107e+00 7.196486473083496094e+00 3.000000000000000000e+00 0.000000000000000000e+00 1.250000000000000000e+00
1.495000000000000107e+00 7.196486473083496094e+00 4.000000000000000000e+00 0.000000000000000000e+00 1.250000000000000000e+00
1.894999999999999796e+00 7.196486473083496094e+00 5.000000000000000000e+00 1.100000000000000000e+01 1.250000000000000000e+00
1.934999999999999831e+00 7.196486473083496094e+00 6.000000000000000000e+00 6.000000000000000000e+00 1.250000000000000000e+00
2.129000000000000004e+00 7.196486473083496094e+00 7.000000000000000000e+00 1.700000000000000000e+01 1.250000000000000000e+00
2.216000000000000192e+00 7.196486473083496094e+00 8.000000000000000000e+00 8.000000000000000000e+00 1.250000000000000000e+00
2.429000000000000270e+00 7.196486473083496094e+00 9.000000000000000000e+00 0.000000000000000000e+00 1.250000000000000000e+00
3.382999999999999563e+00 7.196486473083496094e+00 1.000000000000000000e+01 1.700000000000000000e+01 1.250000000000000000e+00
3.446999999999999620e+00 7.196486473083496094e+00 1.100000000000000000e+01 1.000000000000000000e+01 1.250000000000000000e+00
3.482999999999999652e+00 7.196486473083496094e+00 1.200000000000000000e+01 3.000000000000000000e+01 1.250000000000000000e+00
3.542999999999999261e+00 7.196486473083496094e+00 1.300000000000000000e+01 6.000000000000000000e+01 1.250000000000000000e+00
3.697999999999999510e+00 7.196486473083496094e+00 1.400000000000000000e+01 1.080000000000000000e+02 1.250000000000000000e+00
3.773999999999999577e+00 7.196486473083496094e+00 1.500000000000000000e+01 1.900000000000000000e+01 1.250000000000000000e+00
3.750999999999999446e+00 7.196486473083496094e+00 1.600000000000000000e+01 5.300000000000000000e+01 1.250000000000000000e+00
3.928999999999999382e+00 7.196486473083496094e+00 1.700000000000000000e+01 5.600000000000000000e+01 1.250000000000000000e+00
3.880999999999999339e+00 7.196486473083496094e+00 1.800000000000000000e+01 1.050000000000000000e+02 1.250000000000000000e+00
3.938999999999999613e+00 7.196486473083496094e+00 1.900000000000000000e+01 6.700000000000000000e+01 1.250000000000000000e+00
4.156999999999999140e+00 7.196486473083496094e+00 2.000000000000000000e+01 4.000000000000000000e+01 1.250000000000000000e+00
4.077999999999999403e+00 7.196486473083496094e+00 2.100000000000000000e+01 8.000000000000000000e+00 1.250000000000000000e+00
4.298000000000000931e+00 7.196486473083496094e+00 2.200000000000000000e+01 4.700000000000000000e+01 1.250000000000000000e+00
4.891999999999995907e+00 7.196486473083496094e+00 2.300000000000000000e+01 8.000000000000000000e+01 1.250000000000000000e+00
4.928999999999994941e+00 7.196486473083496094e+00 2.400000000000000000e+01 9.900000000000000000e+01 1.250000000000000000e+00
5.264999999999993463e+00 7.196486473083496094e+00 2.500000000000000000e+01 6.900000000000000000e+01 1.250000000000000000e+00
5.491999999999993776e+00 7.196486473083496094e+00 2.600000000000000000e+01 1.010000000000000000e+02 1.250000000000000000e+00
5.560999999999994614e+00 7.196486473083496094e+00 2.700000000000000000e+01 5.700000000000000000e+01 1.250000000000000000e+00
5.840999999999992198e+00 7.196486473083496094e+00 2.800000000000000000e+01 9.900000000000000000e+01 1.250000000000000000e+00
6.224999999999991651e+00 7.196486473083496094e+00 2.900000000000000000e+01 3.600000000000000000e+01 1.250000000000000000e+00
6.523999999999991140e+00 7.196486473083496094e+00 3.000000000000000000e+01 2.800000000000000000e+01 1.250000000000000000e+00
7.150999999999990919e+00 7.196486473083496094e+00 3.100000000000000000e+01 0.000000000000000000e+00 1.250000000000000000e+00
