1.333000000000000185e+00 8.743626594543457031e+00 0.000000000000000000e+00 5.000000000000000000e+00 1.000000000000000000e+00
1.375000000000000222e+00 8.743626594543457031e+00 1.000000000000000000e+00 0.000000000000000000e+00 1.000000000000000000e+00
1.375000000000000222e+00 8.743626594543457031e+00 2.000000000000000000e+00 6.000000000000000000e+00 1.000000000000000000e+00
1.674000000000000377e+00 8.743626594543457031e+00 3.000000000000000000e+00 0.000000000000000000e+00 1.000000000000000000e+00
1.674000000000000377e+00 8.743626594543457031e+00 4.000000000000000000e+00 0.000000000000000000e+00 1.000000000000000000e+00
2.165000000000000480e+00 8.743626594543457031e+00 5.000000000000000000e+00 1.600000000000000000e+01 1.000000000000000000e+00
2.199000000000000288e+00 8.743626594543457031e+00 6.000000000000000000e+00 9.000000000000000000e+00 1.000000000000000000e+00
2.455999999999999961e+00 8.743626594543457031e+00 7.000000000000000000e+00 2.500000000000000000e+01 1.000000000000000000e+00
2.616000000000000103e+00 8.743626594543457031e+00 8.000000000000000000e+00 1.300000000000000000e+01 1.000000000000000000e+00
2.824999999999999734e+00 8.743626594543457031e+00 9.000000000000000000e+00 0.000000000000000000e+00 1.000000000000000000e+00
4.082999999999996632e+00 8.743626594543457031e+00 1.000000000000000000e+01 1.400000000000000000e+01 1.000000000000000000e+00
4.109999999999996767e+00 8.743626594543457031e+00 1.100000000000000000e+01 4.800000000000000000e+01 1.000000000000000000e+00
4.104999999999995985e+00 8.743626594543457031e+00 1.200000000000000000e+01 2.900000000000000000e+01 1.000000000000000000e+00
4.255999999999994898e+00 8.743626594543457031e+00 1.300000000000000000e+01 8.500000000000000000e+01 1.000000000000000000e+00
4.390999999999995573e+00 8.743626594543457031e+00 1.400000000000000000e+01 1.510000000000000000e+02 1.000000000000000000e+00
4.508999999999992347e+00 8.743626594543457031e+00 1.500000000000000000e+01 8.000000000000000000e+01 1.000000000000000000e+00
4.614999999999993108e+00 8.743626594543457031e+00 1.600000000000000000e+01 3.700000000000000000e+01 1.000000000000000000e+00
4.706999999999992745e+00 8.743626594543457031e+00 1.700000000000000000e+01 8.500000000000000000e+01 1.000000000000000000e+00
4.699999999999992184e+00 8.743626594543457031e+00 1.800000000000000000e+01 1.190000000000000000e+02 1.000000000000000000e+00
4.776999999999991253e+00 8.743626594543457031e+00 1.900000000000000000e+01 1.280000000000000000e+02 1.000000000000000000e+00
4.919999999999991935e+00 8.743626594543457031e+00 2.000000000000000000e+01 6.000000000000000000e+01 1.000000000000000000e+00
4.998999999999989008e+00 8.743626594543457031e+00 2.100000000000000000e+01 5.800000000000000000e+01 1.000000000000000000e+00
5.107999999999989882e+00 8.743626594543457031e+00 2.200000000000000000e+01 2.600000000000000000e+01 1.000000000000000000e+00
5.777999999999992475e+00 8.743626594543457031e+00 2.300000000000000000e+01 7.400000000000000000e+01 1.000000000000000000e+00
5.825999999999992518e+00 8.743626594543457031e+00 2.400000000000000000e+01 1.240000000000000000e+02 1.000000000000000000e+00
6.084999999999991971e+00 8.743626594543457031e+00 2.500000000000000000e+01 6.700000000000000000e+01 1.000000000000000000e+00
6.295999999999993157e+00 8.743626594543457031e+00 2.600000000000000000e+01 1.610000000000000000e+02 1.000000000000000000e+00
6.540999999999990600e+00 8.743626594543457031e+00 2.700000000000000000e+01 1.380000000000000000e+02 1.000000000000000000e+00
6.637999999999991019e+00 8.743626594543457031e+00 2.800000000000000000e+01 5.900000000000000000e+01 1.000000000000000000e+00
7.336999999999990862e+00 8.743626594543457031e+00 2.900000000000000000e+01 2.500000000000000000e+01 1.000000000000000000e+00
7.384999999999990905e+00 8.743626594543457031e+00 3.000000000000000000e+01 0.000000000000000000e+00 1.000000000000000000e+00
8.724999999999985434e+00 8.743626594543457031e+00 3.100000000000000000e+01 0.000000000000000000e+00 1.000000000000000000e+00
1.414000000000000146e+00 8.770685434341430664e+00 0.000000000000000000e+00 0.000000000000000000e+00 1.000000000000000000e+00
1.414000000000000146e+00 8.770685434341430664e+00 1.000000000000000000e+00 7.000000000000000000e+00 1.000000000000000000e+00
1.414000000000000146e+00 8.770685434341430664e+00 2.000000000000000000e+00 5.000000000000000000e+00 1.000000000000000000e+00
1.684000000000000163e+00 8.770685434341430664e+00 3.000000000000000000e+00 0.000000000000000000e+00 1.000000000000000000e+00
1.684000000000000163e+00 8.770685434341430664e+00 4.000000000000000000e+00 0.000000000000000000e+00 1.000000000000000000e+00
2.169999999999999485e+00 8.770685434341430664e+00 5.000000000000000000e+00 1.500000000000000000e+01 1.000000000000000000e+00
2.205999999999999517e+00 8.770685434341430664e+00 6.000000000000000000e+00 8.000000000000000000e+00 1.000000000000000000e+00
2.482999999999999652e+00 8.770685434341430664e+00 7.000000000000000000e+00 2.100000000000000000e+01 1.000000000000000000e+00
2.618999999999999773e+00 8.770685434341430664e+00 8.000000000000000000e+00 1.100000000000000000e+01 1.000000000000000000e+00
2.856999999999999762e+00 8.770685434341430664e+00 9.000000000000000000e+00 0.000000000000000000e+00 1.000000000000000000e+00
4.100999999999998202e+00 8.770685434341430664e+00 1.000000000000000000e+01 1.400000000000000000e+01 1.000000000000000000e+00
4.129999999999998117e+00 8.770685434341430664e+00 1.100000000000000000e+01 4.400000000000000000e+01 1.000000000000000000e+00
4.122999999999998444e+00 8.770685434341430664e+00 1.200000000000000000e+01 2.800000000000000000e+01 1.000000000000000000e+00
4.268999999999998352e+00 8.770685434341430664e+00 1.300000000000000000e+01 7.800000000000000000e+01 1.000000000000000000e+00
4.414999999999996483e+00 8.770685434341430664e+00 1.400000000000000000e+01 1.390000000000000000e+02 1.000000000000000000e+00
4.478999999999997428e+00 8.770685434341430664e+00 1.500000000000000000e+01 8.100000000000000000e+01 1.000000000000000000e+00
4.624999999999995559e+00 8.770685434341430664e+00 1.600000000000000000e+01 3.200000000000000000e+01 1.000000000000000000e+00
4.721999999999995978e+00 8.770685434341430664e+00 1.700000000000000000e+01 8.400000000000000000e+01 1.000000000000000000e+00
4.733999999999995545e+00 8.770685434341430664e+00 1.800000000000000000e+01 1.120000000000000000e+02 1.000000000000000000e+00
4.786999999999996369e+00 8.770685434341430664e+00 1.900000000000000000e+01 1.230000000000000000e+02 1.000000000000000000e+00
4.974999999999996980e+00 8.770685434341430664e+00 2.000000000000000000e+01 5.900000000000000000e+01 1.000000000000000000e+00
5.017999999999998906e+00 8.770685434341430664e+00 2.100000000000000000e+01 4.000000000000000000e+01 1.000000000000000000e+00
5.108999999999999098e+00 8.770685434341430664e+00 2.200000000000000000e+01 2.200000000000000000e+01 1.000000000000000000e+00
5.862999999999995993e+00 8.770685434341430664e+00 2.300000000000000000e+01 1.140000000000000000e+02 1.000000000000000000e+00
5.936999999999994948e+00 8.770685434341430664e+00 2.400000000000000000e+01 7.400000000000000000e+01 1.000000000000000000e+00
6.170999999999997598e+00 8.770685434341430664e+00 2.500000000000000000e+01 6.200000000000000000e+01 1.000000000000000000e+00
6.217999999999997307e+00 8.770685434341430664e+00 2.600000000000000000e+01 1.410000000000000000e+02 1.000000000000000000e+00
6.603999999999998316e+00 8.770685434341430664e+00 2.700000000000000000e+01 1.410000000000000000e+02 1.000000000000000000e+00
6.733999999999997321e+00 8.770685434341430664e+00 2.800000000000000000e+01 6.200000000000000000e+01 1.000000000000000000e+00
7.483999999999993769e+00 8.770685434341430664e+00 2.900000000000000000e+01 0.000000000000000000e+00 1.000000000000000000e+00
7.470999999999993868e+00 8.770685434341430664e+00 3.000000000000000000e+01 3.800000000000000000e+01 1.000000000000000000e+00
8.744999999999995666e+00 8.770685434341430664e+00 3.100000000000000000e+01 0.000000000000000000e+00 1.000000000000000000e+00
1.397000000000000020e+00 8.791257381439208984e+00 0.000000000000000000e+00 0.000000000000000000e+00 1.000000000000000000e+00
1.397000000000000020e+00 8.791257381439208984e+00 1.000000000000000000e+00 5.000000000000000000e+00 1.000000000000000000e+00
1.443999999999999950e+00 8.791257381439208984e+00 2.000000000000000000e+00 5.000000000000000000e+00 1.000000000000000000e+00
1.690999999999999837e+00 8.791257381439208984e+00 3.000000000000000000e+00 0.000000000000000000e+00 1.000000000000000000e+00
1.726999999999999869e+00 8.791257381439208984e+00 4.000000000000000000e+00 0.000000000000000000e+00 1.000000000000000000e+00
2.170999999999999375e+00 8.791257381439208984e+00 5.000000000000000000e+00 1.300000000000000000e+01 1.000000000000000000e+00
2.264999999999999236e+00 8.791257381439208984e+00 6.000000000000000000e+00 7.000000000000000000e+00 1.000000000000000000e+00
2.514999999999998792e+00 8.791257381439208984e+00 7.000000000000000000e+00 2.000000000000000000e+01 1.000000000000000000e+00
2.639999999999998792e+00 8.791257381439208984e+00 8.000000000000000000e+00 1.100000000000000000e+01 1.000000000000000000e+00
2.863999999999998547e+00 8.791257381439208984e+00 9.000000000000000000e+00 0.000000000000000000e+00 1.000000000000000000e+00
4.128999999999997783e+00 8.791257381439208984e+00 1.000000000000000000e+01 1.400000000000000000e+01 1.000000000000000000e+00
4.154999999999997584e+00 8.791257381439208984e+00 1.100000000000000000e+01 4.400000000000000000e+01 1.000000000000000000e+00
4.144999999999997797e+00 8.791257381439208984e+00 1.200000000000000000e+01 2.900000000000000000e+01 1.000000000000000000e+00
4.294999999999997264e+00 8.791257381439208984e+00 1.300000000000000000e+01 6.800000000000000000e+01 1.000000000000000000e+00
4.446999999999997399e+00 8.791257381439208984e+00 1.400000000000000000e+01 1.240000000000000000e+02 1.000000000000000000e+00
4.553999999999996717e+00 8.791257381439208984e+00 1.500000000000000000e+01 6.800000000000000000e+01 1.000000000000000000e+00
4.653999999999996362e+00 8.791257381439208984e+00 1.600000000000000000e+01 2.300000000000000000e+01 1.000000000000000000e+00
4.761999999999996902e+00 8.791257381439208984e+00 1.700000000000000000e+01 6.700000000000000000e+01 1.000000000000000000e+00
4.753999999999996895e+00 8.791257381439208984e+00 1.800000000000000000e+01 8.100000000000000000e+01 1.000000000000000000e+00
4.791999999999996263e+00 8.791257381439208984e+00 1.900000000000000000e+01 1.050000000000000000e+02 1.000000000000000000e+00
4.989999999999994884e+00 8.791257381439208984e+00 2.000000000000000000e+01 5.900000000000000000e+01 1.000000000000000000e+00
5.048999999999994159e+00 8.791257381439208984e+00 2.100000000000000000e+01 3.800000000000000000e+01 1.000000000000000000e+00
5.168999999999994266e+00 8.791257381439208984e+00 2.200000000000000000e+01 1.700000000000000000e+01 1.000000000000000000e+00
5.890999999999994685e+00 8.791257381439208984e+00 2.300000000000000000e+01 1.050000000000000000e+02 1.000000000000000000e+00
5.987999999999995104e+00 8.791257381439208984e+00 2.400000000000000000e+01 6.900000000000000000e+01 1.000000000000000000e+00
6.235999999999997101e+00 8.791257381439208984e+00 2.500000000000000000e+01 6.000000000000000000e+01 1.000000000000000000e+00
6.341999999999997861e+00 8.791257381439208984e+00 2.600000000000000000e+01 1.260000000000000000e+02 1.000000000000000000e+00
6.687999999999996170e+00 8.791257381439208984e+00 2.700000000000000000e+01 1.440000000000000000e+02 1.000000000000000000e+00
6.804999999999996163e+00 8.791257381439208984e+00 2.800000000000000000e+01 6.400000000000000000e+01 1.000000000000000000e+00
7.556999999999993278e+00 8.791257381439208984e+00 2.900000000000000000e+01 4.000000000000000000e+01 1.000000000000000000e+00
7.585999999999993193e+00 8.791257381439208984e+00 3.000000000000000000e+01 0.000000000000000000e+00 1.000000000000000000e+00
8.759999999999983800e+00 8.791257381439208984e+00 3.100000000000000000e+01 0.000000000000000000e+00 1.000000000000000000e+00
1.393999999999999684e+00 8.819803237915039062e+00 0.000000000000000000e+00 6.000000000000000000e+00 1.000000000000000000e+00
1.439999999999999725e+00 8.819803237915039062e+00 1.000000000000000000e+00 0.000000000000000000e+00 1.000000000000000000e+00
1.439999999999999725e+00 8.819803237915039062e+00 2.000000000000000000e+00 6.000000000000000000e+00 1.000000000000000000e+00
1.725999999999999313e+00 8.819803237915039062e+00 3.000000000000000000e+00 0.000000000000000000e+00 1.000000000000000000e+00
1.725999999999999313e+00 8.819803237915039062e+00 4.000000000000000000e+00 0.000000000000000000e+00 1.000000000000000000e+00
2.194999999999998508e+00 8.819803237915039062e+00 5.000000000000000000e+00 1.300000000000000000e+01 1.000000000000000000e+00
2.265999999999998238e+00 8.819803237915039062e+00 6.000000000000000000e+00 7.000000000000000000e+00 1.000000000000000000e+00
2.537999999999998479e+00 8.819803237915039062e+00 7.000000000000000000e+00 2.400000000000000000e+01 1.000000000000000000e+00
2.663999999999998369e+00 8.819803237915039062e+00 8.000000000000000000e+00 1.300000000000000000e+01 1.000000000000000000e+00
2.895999999999998131e+00 8.819803237915039062e+00 9.000000000000000000e+00 0.000000000000000000e+00 1.000000000000000000e+00
4.154999999999997584e+00 8.819803237915039062e+00 1.000000000000000000e+01 1.100000000000000000e+01 1.000000000000000000e+00
4.154999999999997584e+00 8.819803237915039062e+00 1.100000000000000000e+01 3.000000000000000000e+01 1.000000000000000000e+00
4.218999999999997641e+00 8.819803237915039062e+00 1.200000000000000000e+01 2.700000000000000000e+01 1.000000000000000000e+00
4.319999999999997620e+00 8.819803237915039062e+00 1.300000000000000000e+01 6.600000000000000000e+01 1.000000000000000000e+00
4.455999999999997740e+00 8.819803237915039062e+00 1.400000000000000000e+01 1.180000000000000000e+02 1.000000000000000000e+00
4.575999999999997847e+00 8.819803237915039062e+00 1.500000000000000000e+01 6.500000000000000000e+01 1.000000000000000000e+00
4.658999999999997144e+00 8.819803237915039062e+00 1.600000000000000000e+01 2.200000000000000000e+01 1.000000000000000000e+00
4.799999999999996270e+00 8.819803237915039062e+00 1.700000000000000000e+01 6.500000000000000000e+01 1.000000000000000000e+00
4.772999999999996135e+00 8.819803237915039062e+00 1.800000000000000000e+01 7.700000000000000000e+01 1.000000000000000000e+00
4.840999999999995751e+00 8.819803237915039062e+00 1.900000000000000000e+01 9.100000000000000000e+01 1.000000000000000000e+00
5.022999999999995246e+00 8.819803237915039062e+00 2.000000000000000000e+01 4.800000000000000000e+01 1.000000000000000000e+00
5.104999999999995985e+00 8.819803237915039062e+00 2.100000000000000000e+01 3.600000000000000000e+01 1.000000000000000000e+00
5.200999999999997847e+00 8.819803237915039062e+00 2.200000000000000000e+01 9.000000000000000000e+00 1.000000000000000000e+00
5.967999999999998195e+00 8.819803237915039062e+00 2.300000000000000000e+01 9.300000000000000000e+01 1.000000000000000000e+00
6.176999999999999602e+00 8.819803237915039062e+00 2.400000000000000000e+01 8.400000000000000000e+01 1.000000000000000000e+00
6.322000000000000064e+00 8.819803237915039062e+00 2.500000000000000000e+01 6.300000000000000000e+01 1.000000000000000000e+00
6.365000000000000213e+00 8.819803237915039062e+00 2.600000000000000000e+01 1.350000000000000000e+02 1.000000000000000000e+00
6.877999999999998337e+00 8.819803237915039062e+00 2.700000000000000000e+01 1.500000000000000000e+02 1.000000000000000000e+00
6.933999999999997499e+00 8.819803237915039062e+00 2.800000000000000000e+01 8.800000000000000000e+01 1.000000000000000000e+00
7.703999999999994408e+00 8.819803237915039062e+00 2.900000000000000000e+01 5.000000000000000000e+01 1.000000000000000000e+00
7.734999999999994991e+00 8.819803237915039062e+00 3.000000000000000000e+01 1.200000000000000000e+01 1.000000000000000000e+00
8.800999999999985945e+00 8.819803237915039062e+00 3.100000000000000000e+01 0.000000000000000000e+00 1.000000000000000000e+00
1.438000000000000167e+00 8.846398353576660156e+00 0.000000000000000000e+00 0.000000000000000000e+00 1.000000000000000000e+00
1.438000000000000167e+00 8.846398353576660156e+00 1.000000000000000000e+00 7.000000000000000000e+00 1.000000000000000000e+00
1.480000000000000204e+00 8.846398353576660156e+00 2.000000000000000000e+00 7.000000000000000000e+00 1.000000000000000000e+00
1.770000000000000240e+00 8.846398353576660156e+00 3.000000000000000000e+00 0.000000000000000000e+00 1.000000000000000000e+00
1.770000000000000240e+00 8.846398353576660156e+00 4.000000000000000000e+00 0.000000000000000000e+00 1.000000000000000000e+00
2.242999999999999883e+00 8.846398353576660156e+00 5.000000000000000000e+00 1.600000000000000000e+01 1.000000000000000000e+00
2.313999999999999613e+00 8.846398353576660156e+00 6.000000000000000000e+00 1.000000000000000000e+01 1.000000000000000000e+00
2.572999999999999510e+00 8.846398353576660156e+00 7.000000000000000000e+00 2.600000000000000000e+01 1.000000000000000000e+00
2.692999999999999172e+00 8.846398353576660156e+00 8.000000000000000000e+00 1.500000000000000000e+01 1.000000000000000000e+00
2.918999999999999595e+00 8.846398353576660156e+00 9.000000000000000000e+00 0.000000000000000000e+00 1.000000000000000000e+00
4.168999999999998707e+00 8.846398353576660156e+00 1.000000000000000000e+01 1.100000000000000000e+01 1.000000000000000000e+00
4.194999999999998508e+00 8.846398353576660156e+00 1.100000000000000000e+01 2.900000000000000000e+01 1.000000000000000000e+00
4.238999999999998991e+00 8.846398353576660156e+00 1.200000000000000000e+01 2.600000000000000000e+01 1.000000000000000000e+00
4.342999999999998195e+00 8.846398353576660156e+00 1.300000000000000000e+01 6.800000000000000000e+01 1.000000000000000000e+00
4.487999999999998657e+00 8.846398353576660156e+00 1.400000000000000000e+01 1.170000000000000000e+02 1.000000000000000000e+00
4.592999999999997307e+00 8.846398353576660156e+00 1.500000000000000000e+01 7.300000000000000000e+01 1.000000000000000000e+00
4.693999999999997286e+00 8.846398353576660156e+00 1.600000000000000000e+01 3.000000000000000000e+01 1.000000000000000000e+00
4.813999999999997392e+00 8.846398353576660156e+00 1.700000000000000000e+01 8.900000000000000000e+01 1.000000000000000000e+00
4.853999999999997428e+00 8.846398353576660156e+00 1.800000000000000000e+01 6.800000000000000000e+01 1.000000000000000000e+00
4.849999999999997868e+00 8.846398353576660156e+00 1.900000000000000000e+01 9.800000000000000000e+01 1.000000000000000000e+00
5.053999999999996717e+00 8.846398353576660156e+00 2.000000000000000000e+01 6.000000000000000000e+01 1.000000000000000000e+00
5.157999999999995921e+00 8.846398353576660156e+00 2.100000000000000000e+01 4.500000000000000000e+01 1.000000000000000000e+00
5.260999999999996568e+00 8.846398353576660156e+00 2.200000000000000000e+01 1.000000000000000000e+01 1.000000000000000000e+00
6.059999999999997833e+00 8.846398353576660156e+00 2.300000000000000000e+01 9.700000000000000000e+01 1.000000000000000000e+00
6.269999999999997797e+00 8.846398353576660156e+00 2.400000000000000000e+01 1.040000000000000000e+02 1.000000000000000000e+00
6.406999999999998252e+00 8.846398353576660156e+00 2.500000000000000000e+01 7.700000000000000000e+01 1.000000000000000000e+00
6.740999999999999659e+00 8.846398353576660156e+00 2.600000000000000000e+01 9.400000000000000000e+01 1.000000000000000000e+00
7.067000000000001059e+00 8.846398353576660156e+00 2.700000000000000000e+01 1.060000000000000000e+02 1.000000000000000000e+00
7.341000000000001968e+00 8.846398353576660156e+00 2.800000000000000000e+01 1.100000000000000000e+02 1.000000000000000000e+00
7.891000000000002679e+00 8.846398353576660156e+00 2.900000000000000000e+01 5.900000000000000000e+01 1.000000000000000000e+00
7.934000000000002828e+00 8.846398353576660156e+00 3.000000000000000000e+01 2.100000000000000000e+01 1.000000000000000000e+00
8.836999999999994415e+00 8.846398353576660156e+00 3.100000000000000000e+01 0.000000000000000000e+00 1.000000000000000000e+00
1.473999999999999977e+00 8.905585289001464844e+00 0.000000000000000000e+00 0.000000000000000000e+00 1.000000000000000000e+00
1.473999999999999977e+00 8.905585289001464844e+00 1.000000000000000000e+00 7.000000000000000000e+00 1.000000000000000000e+00
1.522999999999999909e+00 8.905585289001464844e+00 2.000000000000000000e+00 7.000000000000000000e+00 1.000000000000000000e+00
1.771999999999999797e+00 8.905585289001464844e+00 3.000000000000000000e+00 0.000000000000000000e+00 1.000000000000000000e+00
1.771999999999999797e+00 8.905585289001464844e+00 4.000000000000000000e+00 0.000000000000000000e+00 1.000000000000000000e+00
2.248999999999999666e+00 8.905585289001464844e+00 5.000000000000000000e+00 1.400000000000000000e+01 1.000000000000000000e+00
2.320999999999999730e+00 8.905585289001464844e+00 6.000000000000000000e+00 9.000000000000000000e+00 1.000000000000000000e+00
2.586999999999998856e+00 8.905585289001464844e+00 7.000000000000000000e+00 2.500000000000000000e+01 1.000000000000000000e+00
2.709999999999998632e+00 8.905585289001464844e+00 8.000000000000000000e+00 1.500000000000000000e+01 1.000000000000000000e+00
2.955999999999998629e+00 8.905585289001464844e+00 9.000000000000000000e+00 0.000000000000000000e+00 1.000000000000000000e+00
4.206999999999995410e+00 8.905585289001464844e+00 1.000000000000000000e+01 1.400000000000000000e+01 1.000000000000000000e+00
4.232999999999995211e+00 8.905585289001464844e+00 1.100000000000000000e+01 3.900000000000000000e+01 1.000000000000000000e+00
4.286999999999996369e+00 8.905585289001464844e+00 1.200000000000000000e+01 3.400000000000000000e+01 1.000000000000000000e+00
4.396999999999997577e+00 8.905585289001464844e+00 1.300000000000000000e+01 7.200000000000000000e+01 1.000000000000000000e+00
4.535999999999996035e+00 8.905585289001464844e+00 1.400000000000000000e+01 1.220000000000000000e+02 1.000000000000000000e+00
4.648999999999996469e+00 8.905585289001464844e+00 1.500000000000000000e+01 7.300000000000000000e+01 1.000000000000000000e+00
4.780999999999995254e+00 8.905585289001464844e+00 1.600000000000000000e+01 4.000000000000000000e+01 1.000000000000000000e+00
4.842999999999995531e+00 8.905585289001464844e+00 1.700000000000000000e+01 8.300000000000000000e+01 1.000000000000000000e+00
4.904999999999995808e+00 8.905585289001464844e+00 1.800000000000000000e+01 6.400000000000000000e+01 1.000000000000000000e+00
4.946999999999997399e+00 8.905585289001464844e+00 1.900000000000000000e+01 1.000000000000000000e+02 1.000000000000000000e+00
5.088999999999995083e+00 8.905585289001464844e+00 2.000000000000000000e+01 5.700000000000000000e+01 1.000000000000000000e+00
5.200999999999993406e+00 8.905585289001464844e+00 2.100000000000000000e+01 4.300000000000000000e+01 1.000000000000000000e+00
5.344999999999995310e+00 8.905585289001464844e+00 2.200000000000000000e+01 1.000000000000000000e+01 1.000000000000000000e+00
6.231999999999992212e+00 8.905585289001464844e+00 2.300000000000000000e+01 1.020000000000000000e+02 1.000000000000000000e+00
6.287999999999992262e+00 8.905585289001464844e+00 2.400000000000000000e+01 8.900000000000000000e+01 1.000000000000000000e+00
6.505999999999990457e+00 8.905585289001464844e+00 2.500000000000000000e+01 8.000000000000000000e+01 1.000000000000000000e+00
6.785999999999988930e+00 8.905585289001464844e+00 2.600000000000000000e+01 8.500000000000000000e+01 1.000000000000000000e+00
7.227999999999984659e+00 8.905585289001464844e+00 2.700000000000000000e+01 1.080000000000000000e+02 1.000000000000000000e+00
7.285999999999985377e+00 8.905585289001464844e+00 2.800000000000000000e+01 9.700000000000000000e+01 1.000000000000000000e+00
7.862999999999984446e+00 8.905585289001464844e+00 2.900000000000000000e+01 5.000000000000000000e+01 1.000000000000000000e+00
8.208999999999985420e+00 8.905585289001464844e+00 3.000000000000000000e+01 2.500000000000000000e+01 1.000000000000000000e+00
8.884999999999978471e+00 8.905585289001464844e+00 3.100000000000000000e+01 0.000000000000000000e+00 1.000000000000000000e+00
1.485000000000000320e+00 8.974762439727783203e+00 0.000000000000000000e+00 0.000000000000000000e+00 1.000000000000000000e+00
1.485000000000000320e+00 8.974762439727783203e+00 1.000000000000000000e+00 7.000000000000000000e+00 1.000000000000000000e+00
1.529000000000000359e+00 8.974762439727783203e+00 2.000000000000000000e+00 7.000000000000000000e+00 1.000000000000000000e+00
1.811000000000000165e+00 8.974762439727783203e+00 3.000000000000000000e+00 0.000000000000000000e+00 1.000000000000000000e+00
1.811000000000000165e+00 8.974762439727783203e+00 4.000000000000000000e+00 0.000000000000000000e+00 1.000000000000000000e+00
2.277000000000000579e+00 8.974762439727783203e+00 5.000000000000000000e+00 1.500000000000000000e+01 1.000000000000000000e+00
2.343000000000000416e+00 8.974762439727783203e+00 6.000000000000000000e+00 9.000000000000000000e+00 1.000000000000000000e+00
2.629999999999999893e+00 8.974762439727783203e+00 7.000000000000000000e+00 2.700000000000000000e+01 1.000000000000000000e+00
2.729999999999999982e+00 8.974762439727783203e+00 8.000000000000000000e+00 1.600000000000000000e+01 1.000000000000000000e+00
2.963000000000000078e+00 8.974762439727783203e+00 9.000000000000000000e+00 0.000000000000000000e+00 1.000000000000000000e+00
4.240999999999999659e+00 8.974762439727783203e+00 1.000000000000000000e+01 1.100000000000000000e+01 1.000000000000000000e+00
4.240999999999999659e+00 8.974762439727783203e+00 1.100000000000000000e+01 3.100000000000000000e+01 1.000000000000000000e+00
4.369999999999998330e+00 8.974762439727783203e+00 1.200000000000000000e+01 2.800000000000000000e+01 1.000000000000000000e+00
4.402999999999998693e+00 8.974762439727783203e+00 1.300000000000000000e+01 6.800000000000000000e+01 1.000000000000000000e+00
4.535999999999999588e+00 8.974762439727783203e+00 1.400000000000000000e+01 1.040000000000000000e+02 1.000000000000000000e+00
4.655999999999999694e+00 8.974762439727783203e+00 1.500000000000000000e+01 6.700000000000000000e+01 1.000000000000000000e+00
4.810999999999999943e+00 8.974762439727783203e+00 1.600000000000000000e+01 3.600000000000000000e+01 1.000000000000000000e+00
4.819000000000000838e+00 8.974762439727783203e+00 1.700000000000000000e+01 7.400000000000000000e+01 1.000000000000000000e+00
4.935000000000000497e+00 8.974762439727783203e+00 1.800000000000000000e+01 5.900000000000000000e+01 1.000000000000000000e+00
4.964000000000000412e+00 8.974762439727783203e+00 1.900000000000000000e+01 8.600000000000000000e+01 1.000000000000000000e+00
5.114000000000001656e+00 8.974762439727783203e+00 2.000000000000000000e+01 5.800000000000000000e+01 1.000000000000000000e+00
5.236000000000000654e+00 8.974762439727783203e+00 2.100000000000000000e+01 4.300000000000000000e+01 1.000000000000000000e+00
5.349999999999999645e+00 8.974762439727783203e+00 2.200000000000000000e+01 1.000000000000000000e+01 1.000000000000000000e+00
6.294999999999999929e+00 8.974762439727783203e+00 2.300000000000000000e+01 8.800000000000000000e+01 1.000000000000000000e+00
6.562000000000002053e+00 8.974762439727783203e+00 2.400000000000000000e+01 1.030000000000000000e+02 1.000000000000000000e+00
6.530000000000002913e+00 8.974762439727783203e+00 2.500000000000000000e+01 8.100000000000000000e+01 1.000000000000000000e+00
6.833000000000000185e+00 8.974762439727783203e+00 2.600000000000000000e+01 8.800000000000000000e+01 1.000000000000000000e+00
7.222999999999996312e+00 8.974762439727783203e+00 2.700000000000000000e+01 8.500000000000000000e+01 1.000000000000000000e+00
7.505999999999994898e+00 8.974762439727783203e+00 2.800000000000000000e+01 1.190000000000000000e+02 1.000000000000000000e+00
7.903999999999995474e+00 8.974762439727783203e+00 2.900000000000000000e+01 4.600000000000000000e+01 1.000000000000000000e+00
8.324999999999988631e+00 8.974762439727783203e+00 3.000000000000000000e+01 2.000000000000000000e+01 1.000000000000000000e+00
8.947999999999979082e+00 8.974762439727783203e+00 3.100000000000000000e+01 0.000000000000000000e+00 1.000000000000000000e+00
1.506999999999999673e+00 9.116143226623535156e+00 0.000000000000000000e+00 0.000000000000000000e+00 1.000000000000000000e+00
1.506999999999999673e+00 9.116143226623535156e+00 1.000000000000000000e+00 7.000000000000000000e+00 1.000000000000000000e+00
1.553999999999999604e+00 9.116143226623535156e+00 2.000000000000000000e+00 7.000000000000000000e+00 1.000000000000000000e+00
1.845999999999999641e+00 9.116143226623535156e+00 3.000000000000000000e+00 0.000000000000000000e+00 1.000000000000000000e+00
1.845999999999999641e+00 9.116143226623535156e+00 4.000000000000000000e+00 0.000000000000000000e+00 1.000000000000000000e+00
2.309999999999999165e+00 9.116143226623535156e+00 5.000000000000000000e+00 1.600000000000000000e+01 1.000000000000000000e+00
2.376999999999998892e+00 9.116143226623535156e+00 6.000000000000000000e+00 1.000000000000000000e+01 1.000000000000000000e+00
2.663999999999998813e+00 9.116143226623535156e+00 7.000000000000000000e+00 2.600000000000000000e+01 1.000000000000000000e+00
2.752999999999998781e+00 9.116143226623535156e+00 8.000000000000000000e+00 1.500000000000000000e+01 1.000000000000000000e+00
2.986999999999998767e+00 9.116143226623535156e+00 9.000000000000000000e+00 0.000000000000000000e+00 1.000000000000000000e+00
4.269999999999997797e+00 9.116143226623535156e+00 1.000000000000000000e+01 1.400000000000000000e+01 1.000000000000000000e+00
4.269999999999997797e+00 9.116143226623535156e+00 1.100000000000000000e+01 3.700000000000000000e+01 1.000000000000000000e+00
4.384999999999998010e+00 9.116143226623535156e+00 1.200000000000000000e+01 3.700000000000000000e+01 1.000000000000000000e+00
4.435999999999997279e+00 9.116143226623535156e+00 1.300000000000000000e+01 7.100000000000000000e+01 1.000000000000000000e+00
4.592999999999997307e+00 9.116143226623535156e+00 1.400000000000000000e+01 1.180000000000000000e+02 1.000000000000000000e+00
4.705999999999997740e+00 9.116143226623535156e+00 1.500000000000000000e+01 7.000000000000000000e+01 1.000000000000000000e+00
4.862999999999996881e+00 9.116143226623535156e+00 1.600000000000000000e+01 4.300000000000000000e+01 1.000000000000000000e+00
4.894999999999996909e+00 9.116143226623535156e+00 1.700000000000000000e+01 7.900000000000000000e+01 1.000000000000000000e+00
4.968999999999997641e+00 9.116143226623535156e+00 1.800000000000000000e+01 5.400000000000000000e+01 1.000000000000000000e+00
5.010999999999997456e+00 9.116143226623535156e+00 1.900000000000000000e+01 9.300000000000000000e+01 1.000000000000000000e+00
5.159999999999997478e+00 9.116143226623535156e+00 2.000000000000000000e+01 5.900000000000000000e+01 1.000000000000000000e+00
5.290999999999995040e+00 9.116143226623535156e+00 2.100000000000000000e+01 4.400000000000000000e+01 1.000000000000000000e+00
5.420999999999997598e+00 9.116143226623535156e+00 2.200000000000000000e+01 1.000000000000000000e+01 1.000000000000000000e+00
6.323999999999995403e+00 9.116143226623535156e+00 2.300000000000000000e+01 7.700000000000000000e+01 1.000000000000000000e+00
6.675999999999997492e+00 9.116143226623535156e+00 2.400000000000000000e+01 8.200000000000000000e+01 1.000000000000000000e+00
6.719999999999997087e+00 9.116143226623535156e+00 2.500000000000000000e+01 1.230000000000000000e+02 1.000000000000000000e+00
6.923999999999995936e+00 9.116143226623535156e+00 2.600000000000000000e+01 8.200000000000000000e+01 1.000000000000000000e+00
7.196999999999994735e+00 9.116143226623535156e+00 2.700000000000000000e+01 7.400000000000000000e+01 1.000000000000000000e+00
7.708999999999994301e+00 9.116143226623535156e+00 2.800000000000000000e+01 1.270000000000000000e+02 1.000000000000000000e+00
7.959999999999995524e+00 9.116143226623535156e+00 2.900000000000000000e+01 4.000000000000000000e+01 1.000000000000000000e+00
8.424999999999990052e+00 9.116143226623535156e+00 3.000000000000000000e+01 1.900000000000000000e+01 1.000000000000000000e+00
9.083999999999974762e+00 9.116143226623535156e+00 3.100000000000000000e+01 0.000000000000000000e+00 1.000000000000000000e+00
1.487999999999999989e+00 9.120726346969604492e+00 0.000000000000000000e+00 5.000000000000000000e+00 1.000000000000000000e+00
1.552999999999999936e+00 9.120726346969604492e+00 1.000000000000000000e+00 0.000000000000000000e+00 1.000000000000000000e+00
1.552999999999999936e+00 9.120726346969604492e+00 2.000000000000000000e+00 4.000000000000000000e+00 1.000000000000000000e+00
1.847999999999999865e+00 9.120726346969604492e+00 3.000000000000000000e+00 0.000000000000000000e+00 1.000000000000000000e+00
1.847999999999999865e+00 9.120726346969604492e+00 4.000000000000000000e+00 0.000000000000000000e+00 1.000000000000000000e+00
2.316999999999998838e+00 9.120726346969604492e+00 5.000000000000000000e+00 1.500000000000000000e+01 1.000000000000000000e+00
2.388999999999998902e+00 9.120726346969604492e+00 6.000000000000000000e+00 9.000000000000000000e+00 1.000000000000000000e+00
2.660999999999998700e+00 9.120726346969604492e+00 7.000000000000000000e+00 2.200000000000000000e+01 1.000000000000000000e+00
2.760999999999998344e+00 9.120726346969604492e+00 8.000000000000000000e+00 1.200000000000000000e+01 1.000000000000000000e+00
3.016999999999998572e+00 9.120726346969604492e+00 9.000000000000000000e+00 0.000000000000000000e+00 1.000000000000000000e+00
4.266999999999995019e+00 9.120726346969604492e+00 1.000000000000000000e+01 1.400000000000000000e+01 1.000000000000000000e+00
4.321999999999994735e+00 9.120726346969604492e+00 1.100000000000000000e+01 3.600000000000000000e+01 1.000000000000000000e+00
4.364999999999993996e+00 9.120726346969604492e+00 1.200000000000000000e+01 3.300000000000000000e+01 1.000000000000000000e+00
4.439999999999994174e+00 9.120726346969604492e+00 1.300000000000000000e+01 6.800000000000000000e+01 1.000000000000000000e+00
4.584999999999993747e+00 9.120726346969604492e+00 1.400000000000000000e+01 1.060000000000000000e+02 1.000000000000000000e+00
4.679999999999992610e+00 9.120726346969604492e+00 1.500000000000000000e+01 6.800000000000000000e+01 1.000000000000000000e+00
4.843999999999992312e+00 9.120726346969604492e+00 1.600000000000000000e+01 3.900000000000000000e+01 1.000000000000000000e+00
4.908999999999991815e+00 9.120726346969604492e+00 1.700000000000000000e+01 8.600000000000000000e+01 1.000000000000000000e+00
4.990999999999991665e+00 9.120726346969604492e+00 1.800000000000000000e+01 5.300000000000000000e+01 1.000000000000000000e+00
5.019999999999991580e+00 9.120726346969604492e+00 1.900000000000000000e+01 9.000000000000000000e+01 1.000000000000000000e+00
5.248999999999991672e+00 9.120726346969604492e+00 2.000000000000000000e+01 6.300000000000000000e+01 1.000000000000000000e+00
5.292999999999991267e+00 9.120726346969604492e+00 2.100000000000000000e+01 4.600000000000000000e+01 1.000000000000000000e+00
5.374999999999993783e+00 9.120726346969604492e+00 2.200000000000000000e+01 9.000000000000000000e+00 1.000000000000000000e+00
6.295999999999989605e+00 9.120726346969604492e+00 2.300000000000000000e+01 5.700000000000000000e+01 1.000000000000000000e+00
6.748999999999990784e+00 9.120726346969604492e+00 2.400000000000000000e+01 7.900000000000000000e+01 1.000000000000000000e+00
6.807999999999990948e+00 9.120726346969604492e+00 2.500000000000000000e+01 1.250000000000000000e+02 1.000000000000000000e+00
7.102999999999989988e+00 9.120726346969604492e+00 2.600000000000000000e+01 6.300000000000000000e+01 1.000000000000000000e+00
7.269999999999988916e+00 9.120726346969604492e+00 2.700000000000000000e+01 1.020000000000000000e+02 1.000000000000000000e+00
7.792999999999988603e+00 9.120726346969604492e+00 2.800000000000000000e+01 1.230000000000000000e+02 1.000000000000000000e+00
8.163999999999989043e+00 9.120726346969604492e+00 2.900000000000000000e+01 5.800000000000000000e+01 1.000000000000000000e+00
8.434999999999982734e+00 9.120726346969604492e+00 3.000000000000000000e+01 2.300000000000000000e+01 1.000000000000000000e+00
9.109999999999981668e+00 9.120726346969604492e+00 3.100000000000000000e+01 0.000000000000000000e+00 1.000000000000000000e+00
1.548000000000000043e+00 9.661540508270263672e+00 0.000000000000000000e+00 0.000000000000000000e+00 1.199999999999999956e+00
1.548000000000000043e+00 9.661540508270263672e+00 1.000000000000000000e+00 8.000000000000000000e+00 1.199999999999999956e+00
1.588999999999999968e+00 9.661540508270263672e+00 2.000000000000000000e+00 8.000000000000000000e+00 1.199999999999999956e+00
1.856999999999999762e+00 9.661540508270263672e+00 3.000000000000000000e+00 0.000000000000000000e+00 1.199999999999999956e+00
1.894999999999999796e+00 9.661540508270263672e+00 4.000000000000000000e+00 0.000000000000000000e+00 1.199999999999999956e+00
2.374999999999998224e+00 9.661540508270263672e+00 5.000000000000000000e+00 1.700000000000000000e+01 1.199999999999999956e+00
2.440999999999998060e+00 9.661540508270263672e+00 6.000000000000000000e+00 1.100000000000000000e+01 1.199999999999999956e+00
2.733999999999998209e+00 9.661540508270263672e+00 7.000000000000000000e+00 2.800000000000000000e+01 1.199999999999999956e+00
2.820999999999997954e+00 9.661540508270263672e+00 8.000000000000000000e+00 1.700000000000000000e+01 1.199999999999999956e+00
3.053999999999997605e+00 9.661540508270263672e+00 9.000000000000000000e+00 0.000000000000000000e+00 1.199999999999999956e+00
4.355999999999997208e+00 9.661540508270263672e+00 1.000000000000000000e+01 1.300000000000000000e+01 1.199999999999999956e+00
4.355999999999997208e+00 9.661540508270263672e+00 1.100000000000000000e+01 3.600000000000000000e+01 1.199999999999999956e+00
4.449999999999996625e+00 9.661540508270263672e+00 1.200000000000000000e+01 3.500000000000000000e+01 1.199999999999999956e+00
4.525999999999994472e+00 9.661540508270263672e+00 1.300000000000000000e+01 6.900000000000000000e+01 1.199999999999999956e+00
4.655999999999996142e+00 9.661540508270263672e+00 1.400000000000000000e+01 1.070000000000000000e+02 1.199999999999999956e+00
4.747999999999994891e+00 9.661540508270263672e+00 1.500000000000000000e+01 6.700000000000000000e+01 1.199999999999999956e+00
4.947999999999995957e+00 9.661540508270263672e+00 1.600000000000000000e+01 7.400000000000000000e+01 1.199999999999999956e+00
5.006999999999996120e+00 9.661540508270263672e+00 1.700000000000000000e+01 5.300000000000000000e+01 1.199999999999999956e+00
5.059999999999996056e+00 9.661540508270263672e+00 1.800000000000000000e+01 5.200000000000000000e+01 1.199999999999999956e+00
5.103999999999994763e+00 9.661540508270263672e+00 1.900000000000000000e+01 9.100000000000000000e+01 1.199999999999999956e+00
5.252999999999995673e+00 9.661540508270263672e+00 2.000000000000000000e+01 6.500000000000000000e+01 1.199999999999999956e+00
5.392999999999992689e+00 9.661540508270263672e+00 2.100000000000000000e+01 4.700000000000000000e+01 1.199999999999999956e+00
5.504999999999993676e+00 9.661540508270263672e+00 2.200000000000000000e+01 1.000000000000000000e+01 1.199999999999999956e+00
6.377999999999993896e+00 9.661540508270263672e+00 2.300000000000000000e+01 5.900000000000000000e+01 1.199999999999999956e+00
6.929999999999997051e+00 9.661540508270263672e+00 2.400000000000000000e+01 1.540000000000000000e+02 1.199999999999999956e+00
7.212999999999999190e+00 9.661540508270263672e+00 2.500000000000000000e+01 6.600000000000000000e+01 1.199999999999999956e+00
7.461999999999999744e+00 9.661540508270263672e+00 2.600000000000000000e+01 1.140000000000000000e+02 1.199999999999999956e+00
7.765000000000000568e+00 9.661540508270263672e+00 2.700000000000000000e+01 1.770000000000000000e+02 1.199999999999999956e+00
8.341999999999996973e+00 9.661540508270263672e+00 2.800000000000000000e+01 7.300000000000000000e+01 1.199999999999999956e+00
8.604999999999993321e+00 9.661540508270263672e+00 2.900000000000000000e+01 5.100000000000000000e+01 1.199999999999999956e+00
9.031999999999991147e+00 9.661540508270263672e+00 3.000000000000000000e+01 1.570000000000000000e+02 1.199999999999999956e+00
9.640999999999989356e+00 9.661540508270263672e+00 3.100000000000000000e+01 2.700000000000000000e+01 1.199999999999999956e+00
1.572999999999999954e+00 9.483565092086791992e+00 0.000000000000000000e+00 0.000000000000000000e+00 1.250000000000000000e+00
1.572999999999999954e+00 9.483565092086791992e+00 1.000000000000000000e+00 7.000000000000000000e+00 1.250000000000000000e+00
1.615999999999999881e+00 9.483565092086791992e+00 2.000000000000000000e+00 7.000000000000000000e+00 1.250000000000000000e+00
1.889999999999999458e+00 9.483565092086791992e+00 3.000000000000000000e+00 0.000000000000000000e+00 1.250000000000000000e+00
1.889999999999999458e+00 9.483565092086791992e+00 4.000000000000000000e+00 0.000000000000000000e+00 1.250000000000000000e+00
2.419999999999999041e+00 9.483565092086791992e+00 5.000000000000000000e+00 1.600000000000000000e+01 1.250000000000000000e+00
2.489999999999998881e+00 9.483565092086791992e+00 6.000000000000000000e+00 9.000000000000000000e+00 1.250000000000000000e+00
2.757999999999999119e+00 9.483565092086791992e+00 7.000000000000000000e+00 2.600000000000000000e+01 1.250000000000000000e+00
2.852999999999998870e+00 9.483565092086791992e+00 8.000000000000000000e+00 1.400000000000000000e+01 1.250000000000000000e+00
3.118999999999998884e+00 9.483565092086791992e+00 9.000000000000000000e+00 0.000000000000000000e+00 1.250000000000000000e+00
4.354999999999996874e+00 9.483565092086791992e+00 1.000000000000000000e+01 1.300000000000000000e+01 1.250000000000000000e+00
4.354999999999996874e+00 9.483565092086791992e+00 1.100000000000000000e+01 3.300000000000000000e+01 1.250000000000000000e+00
4.422999999999996490e+00 9.483565092086791992e+00 1.200000000000000000e+01 3.400000000000000000e+01 1.250000000000000000e+00
4.505999999999997563e+00 9.483565092086791992e+00 1.300000000000000000e+01 6.300000000000000000e+01 1.250000000000000000e+00
4.671999999999997932e+00 9.483565092086791992e+00 1.400000000000000000e+01 9.900000000000000000e+01 1.250000000000000000e+00
4.791999999999997151e+00 9.483565092086791992e+00 1.500000000000000000e+01 5.900000000000000000e+01 1.250000000000000000e+00
4.941999999999996618e+00 9.483565092086791992e+00 1.600000000000000000e+01 4.000000000000000000e+01 1.250000000000000000e+00
4.989999999999997549e+00 9.483565092086791992e+00 1.700000000000000000e+01 7.800000000000000000e+01 1.250000000000000000e+00
5.063999999999997392e+00 9.483565092086791992e+00 1.800000000000000000e+01 4.500000000000000000e+01 1.250000000000000000e+00
5.105999999999997208e+00 9.483565092086791992e+00 1.900000000000000000e+01 8.200000000000000000e+01 1.250000000000000000e+00
5.287999999999998479e+00 9.483565092086791992e+00 2.000000000000000000e+01 6.200000000000000000e+01 1.250000000000000000e+00
5.387999999999996348e+00 9.483565092086791992e+00 2.100000000000000000e+01 4.700000000000000000e+01 1.250000000000000000e+00
5.523999999999995580e+00 9.483565092086791992e+00 2.200000000000000000e+01 9.000000000000000000e+00 1.250000000000000000e+00
6.407999999999994145e+00 9.483565092086791992e+00 2.300000000000000000e+01 5.000000000000000000e+01 1.250000000000000000e+00
6.992999999999995886e+00 9.483565092086791992e+00 2.400000000000000000e+01 1.470000000000000000e+02 1.250000000000000000e+00
7.216999999999995197e+00 9.483565092086791992e+00 2.500000000000000000e+01 6.500000000000000000e+01 1.250000000000000000e+00
7.697999999999996845e+00 9.483565092086791992e+00 2.600000000000000000e+01 1.420000000000000000e+02 1.250000000000000000e+00
7.909999999999994813e+00 9.483565092086791992e+00 2.700000000000000000e+01 1.030000000000000000e+02 1.250000000000000000e+00
8.471999999999985320e+00 9.483565092086791992e+00 2.800000000000000000e+01 2.400000000000000000e+01 1.250000000000000000e+00
8.595999999999976993e+00 9.483565092086791992e+00 2.900000000000000000e+01 7.200000000000000000e+01 1.250000000000000000e+00
9.107999999999973895e+00 9.483565092086791992e+00 3.000000000000000000e+01 1.390000000000000000e+02 1.250000000000000000e+00
9.418999999999968509e+00 9.483565092086791992e+00 3.100000000000000000e+01 2.000000000000000000e+01 1.250000000000000000e+00
