1.490000000000000213e+00 8.821924686431884766e+00 0.000000000000000000e+00 0.000000000000000000e+00 7.500000000000000000e-01
1.490000000000000213e+00 8.821924686431884766e+00 1.000000000000000000e+00 5.000000000000000000e+00 7.500000000000000000e-01
1.490000000000000213e+00 8.821924686431884766e+00 2.000000000000000000e+00 4.000000000000000000e+00 7.500000000000000000e-01
1.738000000000000433e+00 8.821924686431884766e+00 3.000000000000000000e+00 0.000000000000000000e+00 7.500000000000000000e-01
1.738000000000000433e+00 8.821924686431884766e+00 4.000000000000000000e+00 0.000000000000000000e+00 7.500000000000000000e-01
2.201999999999999957e+00 8.821924686431884766e+00 5.000000000000000000e+00 1.200000000000000000e+01 7.500000000000000000e-01
2.275999999999999801e+00 8.821924686431884766e+00 6.000000000000000000e+00 8.000000000000000000e+00 7.500000000000000000e-01
2.517999999999999794e+00 8.821924686431884766e+00 7.000000000000000000e+00 2.000000000000000000e+01 7.500000000000000000e-01
2.645999999999999464e+00 8.821924686431884766e+00 8.000000000000000000e+00 1.200000000000000000e+01 7.500000000000000000e-01
2.890999999999999570e+00 8.821924686431884766e+00 9.000000000000000000e+00 0.000000000000000000e+00 7.500000000000000000e-01
4.142999999999999794e+00 8.821924686431884766e+00 1.000000000000000000e+01 1.500000000000000000e+01 7.500000000000000000e-01
4.193999999999999950e+00 8.821924686431884766e+00 1.100000000000000000e+01 4.200000000000000000e+01 7.500000000000000000e-01
4.192999999999999616e+00 8.821924686431884766e+00 1.200000000000000000e+01 3.500000000000000000e+01 7.500000000000000000e-01
4.318999999999999062e+00 8.821924686431884766e+00 1.300000000000000000e+01 6.800000000000000000e+01 7.500000000000000000e-01
4.483999999999999098e+00 8.821924686431884766e+00 1.400000000000000000e+01 1.180000000000000000e+02 7.500000000000000000e-01
4.628999999999998671e+00 8.821924686431884766e+00 1.500000000000000000e+01 2.700000000000000000e+01 7.500000000000000000e-01
4.491999999999999105e+00 8.821924686431884766e+00 1.600000000000000000e+01 6.700000000000000000e+01 7.500000000000000000e-01
4.823999999999998067e+00 8.821924686431884766e+00 1.700000000000000000e+01 5.700000000000000000e+01 7.500000000000000000e-01
4.824999999999998401e+00 8.821924686431884766e+00 1.800000000000000000e+01 8.400000000000000000e+01 7.500000000000000000e-01
4.776999999999997470e+00 8.821924686431884766e+00 1.900000000000000000e+01 1.030000000000000000e+02 7.500000000000000000e-01
5.062999999999997058e+00 8.821924686431884766e+00 2.000000000000000000e+01 5.700000000000000000e+01 7.500000000000000000e-01
5.095999999999995644e+00 8.821924686431884766e+00 2.100000000000000000e+01 4.400000000000000000e+01 7.500000000000000000e-01
5.118999999999996220e+00 8.821924686431884766e+00 2.200000000000000000e+01 6.000000000000000000e+00 7.500000000000000000e-01
6.038999999999996149e+00 8.821924686431884766e+00 2.300000000000000000e+01 1.010000000000000000e+02 7.500000000000000000e-01
6.201999999999995516e+00 8.821924686431884766e+00 2.400000000000000000e+01 8.500000000000000000e+01 7.500000000000000000e-01
6.416999999999995374e+00 8.821924686431884766e+00 2.500000000000000000e+01 7.300000000000000000e+01 7.500000000000000000e-01
6.722999999999996312e+00 8.821924686431884766e+00 2.600000000000000000e+01 8.100000000000000000e+01 7.500000000000000000e-01
7.081999999999996298e+00 8.821924686431884766e+00 2.700000000000000000e+01 7.900000000000000000e+01 7.500000000000000000e-01
7.073999999999996291e+00 8.821924686431884766e+00 2.800000000000000000e+01 1.050000000000000000e+02 7.500000000000000000e-01
7.747999999999999332e+00 8.821924686431884766e+00 2.900000000000000000e+01 4.100000000000000000e+01 7.500000000000000000e-01
8.049000000000003041e+00 8.821924686431884766e+00 3.000000000000000000e+01 2.400000000000000000e+01 7.500000000000000000e-01
8.827999999999999403e+00 8.821924686431884766e+00 3.100000000000000000e+01 0.000000000000000000e+00 7.500000000000000000e-01
1.453999999999999959e+00 8.902709245681762695e+00 0.000000000000000000e+00 0.000000000000000000e+00 8.000000000000000444e-01
1.453999999999999959e+00 8.902709245681762695e+00 1.000000000000000000e+00 7.000000000000000000e+00 8.000000000000000444e-01
1.496999999999999886e+00 8.902709245681762695e+00 2.000000000000000000e+00 8.000000000000000000e+00 8.000000000000000444e-01
1.770999999999999686e+00 8.902709245681762695e+00 3.000000000000000000e+00 0.000000000000000000e+00 8.000000000000000444e-01
1.770999999999999686e+00 8.902709245681762695e+00 4.000000000000000000e+00 0.000000000000000000e+00 8.000000000000000444e-01
2.264999999999999680e+00 8.902709245681762695e+00 5.000000000000000000e+00 1.600000000000000000e+01 8.000000000000000444e-01
2.333999999999999631e+00 8.902709245681762695e+00 6.000000000000000000e+00 1.100000000000000000e+01 8.000000000000000444e-01
2.591999999999999638e+00 8.902709245681762695e+00 7.000000000000000000e+00 2.800000000000000000e+01 8.000000000000000444e-01
2.713999999999999524e+00 8.902709245681762695e+00 8.000000000000000000e+00 1.700000000000000000e+01 8.000000000000000444e-01
2.947999999999999510e+00 8.902709245681762695e+00 9.000000000000000000e+00 0.000000000000000000e+00 8.000000000000000444e-01
4.210999999999998522e+00 8.902709245681762695e+00 1.000000000000000000e+01 1.300000000000000000e+01 8.000000000000000444e-01
4.210999999999998522e+00 8.902709245681762695e+00 1.100000000000000000e+01 3.700000000000000000e+01 8.000000000000000444e-01
4.304999999999999716e+00 8.902709245681762695e+00 1.200000000000000000e+01 3.300000000000000000e+01 8.000000000000000444e-01
4.391999999999999460e+00 8.902709245681762695e+00 1.300000000000000000e+01 7.200000000000000000e+01 8.000000000000000444e-01
4.546999999999999709e+00 8.902709245681762695e+00 1.400000000000000000e+01 1.230000000000000000e+02 8.000000000000000444e-01
4.641999999999998572e+00 8.902709245681762695e+00 1.500000000000000000e+01 7.200000000000000000e+01 8.000000000000000444e-01
4.804999999999997939e+00 8.902709245681762695e+00 1.600000000000000000e+01 4.400000000000000000e+01 8.000000000000000444e-01
4.817999999999996952e+00 8.902709245681762695e+00 1.700000000000000000e+01 8.200000000000000000e+01 8.000000000000000444e-01
4.893999999999998352e+00 8.902709245681762695e+00 1.800000000000000000e+01 6.800000000000000000e+01 8.000000000000000444e-01
4.956999999999998963e+00 8.902709245681762695e+00 1.900000000000000000e+01 9.900000000000000000e+01 8.000000000000000444e-01
5.060999999999999055e+00 8.902709245681762695e+00 2.000000000000000000e+01 5.800000000000000000e+01 8.000000000000000444e-01
5.204999999999999183e+00 8.902709245681762695e+00 2.100000000000000000e+01 4.200000000000000000e+01 8.000000000000000444e-01
5.352999999999999758e+00 8.902709245681762695e+00 2.200000000000000000e+01 1.100000000000000000e+01 8.000000000000000444e-01
6.259000000000002117e+00 8.902709245681762695e+00 2.300000000000000000e+01 1.010000000000000000e+02 8.000000000000000444e-01
6.307000000000002160e+00 8.902709245681762695e+00 2.400000000000000000e+01 1.130000000000000000e+02 8.000000000000000444e-01
6.506000000000002004e+00 8.902709245681762695e+00 2.500000000000000000e+01 8.300000000000000000e+01 8.000000000000000444e-01
6.801999999999999602e+00 8.902709245681762695e+00 2.600000000000000000e+01 9.800000000000000000e+01 8.000000000000000444e-01
7.248999999999999666e+00 8.902709245681762695e+00 2.700000000000000000e+01 1.090000000000000000e+02 8.000000000000000444e-01
7.451999999999999957e+00 8.902709245681762695e+00 2.800000000000000000e+01 1.100000000000000000e+02 8.000000000000000444e-01
7.977999999999997094e+00 8.902709245681762695e+00 2.900000000000000000e+01 6.100000000000000000e+01 8.000000000000000444e-01
8.225000000000001421e+00 8.902709245681762695e+00 3.000000000000000000e+01 2.200000000000000000e+01 8.000000000000000444e-01
8.888999999999995794e+00 8.902709245681762695e+00 3.100000000000000000e+01 0.000000000000000000e+00 8.000000000000000444e-01
1.469000000000000083e+00 8.907338857650756836e+00 0.000000000000000000e+00 0.000000000000000000e+00 8.499999999999999778e-01
1.469000000000000083e+00 8.907338857650756836e+00 1.000000000000000000e+00 7.000000000000000000e+00 8.499999999999999778e-01
1.512000000000000011e+00 8.907338857650756836e+00 2.000000000000000000e+00 7.000000000000000000e+00 8.499999999999999778e-01
1.802999999999999936e+00 8.907338857650756836e+00 3.000000000000000000e+00 0.000000000000000000e+00 8.499999999999999778e-01
1.802999999999999936e+00 8.907338857650756836e+00 4.000000000000000000e+00 0.000000000000000000e+00 8.499999999999999778e-01
2.248999999999999666e+00 8.907338857650756836e+00 5.000000000000000000e+00 1.200000000000000000e+01 8.499999999999999778e-01
2.311999999999999833e+00 8.907338857650756836e+00 6.000000000000000000e+00 4.000000000000000000e+00 8.499999999999999778e-01
2.583999999999999186e+00 8.907338857650756836e+00 7.000000000000000000e+00 2.100000000000000000e+01 8.499999999999999778e-01
2.713999999999998636e+00 8.907338857650756836e+00 8.000000000000000000e+00 1.000000000000000000e+01 8.499999999999999778e-01
2.946999999999998288e+00 8.907338857650756836e+00 9.000000000000000000e+00 0.000000000000000000e+00 8.499999999999999778e-01
4.201999999999998181e+00 8.907338857650756836e+00 1.000000000000000000e+01 1.300000000000000000e+01 8.499999999999999778e-01
4.227999999999997982e+00 8.907338857650756836e+00 1.100000000000000000e+01 3.900000000000000000e+01 8.499999999999999778e-01
4.273999999999997357e+00 8.907338857650756836e+00 1.200000000000000000e+01 3.400000000000000000e+01 8.499999999999999778e-01
4.336999999999997968e+00 8.907338857650756836e+00 1.300000000000000000e+01 6.500000000000000000e+01 8.499999999999999778e-01
4.512999999999996348e+00 8.907338857650756836e+00 1.400000000000000000e+01 1.070000000000000000e+02 8.499999999999999778e-01
4.635999999999996568e+00 8.907338857650756836e+00 1.500000000000000000e+01 6.400000000000000000e+01 8.499999999999999778e-01
4.737999999999996881e+00 8.907338857650756836e+00 1.600000000000000000e+01 3.100000000000000000e+01 8.499999999999999778e-01
4.866999999999997328e+00 8.907338857650756836e+00 1.700000000000000000e+01 5.900000000000000000e+01 8.499999999999999778e-01
4.842999999999997307e+00 8.907338857650756836e+00 1.800000000000000000e+01 7.200000000000000000e+01 8.499999999999999778e-01
4.915999999999997705e+00 8.907338857650756836e+00 1.900000000000000000e+01 8.900000000000000000e+01 8.499999999999999778e-01
5.066999999999996618e+00 8.907338857650756836e+00 2.000000000000000000e+01 5.100000000000000000e+01 8.499999999999999778e-01
5.162999999999995815e+00 8.907338857650756836e+00 2.100000000000000000e+01 3.300000000000000000e+01 8.499999999999999778e-01
5.301999999999996049e+00 8.907338857650756836e+00 2.200000000000000000e+01 1.000000000000000000e+01 8.499999999999999778e-01
6.127999999999998337e+00 8.907338857650756836e+00 2.300000000000000000e+01 9.200000000000000000e+01 8.499999999999999778e-01
6.368999999999999773e+00 8.907338857650756836e+00 2.400000000000000000e+01 1.370000000000000000e+02 8.499999999999999778e-01
6.469999999999998863e+00 8.907338857650756836e+00 2.500000000000000000e+01 6.700000000000000000e+01 8.499999999999999778e-01
6.921999999999999709e+00 8.907338857650756836e+00 2.600000000000000000e+01 1.250000000000000000e+02 8.499999999999999778e-01
7.155000000000002025e+00 8.907338857650756836e+00 2.700000000000000000e+01 1.010000000000000000e+02 8.499999999999999778e-01
8.023000000000001464e+00 8.907338857650756836e+00 2.800000000000000000e+01 1.150000000000000000e+02 8.499999999999999778e-01
8.085000000000002629e+00 8.907338857650756836e+00 2.900000000000000000e+01 7.600000000000000000e+01 8.499999999999999778e-01
8.132000000000001450e+00 8.907338857650756836e+00 3.000000000000000000e+01 2.300000000000000000e+01 8.499999999999999778e-01
8.838000000000000966e+00 8.907338857650756836e+00 3.100000000000000000e+01 0.000000000000000000e+00 8.499999999999999778e-01
1.469999999999999973e+00 8.880438804626464844e+00 0.000000000000000000e+00 0.000000000000000000e+00 9.000000000000000222e-01
1.469999999999999973e+00 8.880438804626464844e+00 1.000000000000000000e+00 7.000000000000000000e+00 9.000000000000000222e-01
1.520000000000000018e+00 8.880438804626464844e+00 2.000000000000000000e+00 7.000000000000000000e+00 9.000000000000000222e-01
1.804000000000000048e+00 8.880438804626464844e+00 3.000000000000000000e+00 0.000000000000000000e+00 9.000000000000000222e-01
1.804000000000000048e+00 8.880438804626464844e+00 4.000000000000000000e+00 0.000000000000000000e+00 9.000000000000000222e-01
2.266999999999999460e+00 8.880438804626464844e+00 5.000000000000000000e+00 1.200000000000000000e+01 9.000000000000000222e-01
2.308999999999999275e+00 8.880438804626464844e+00 6.000000000000000000e+00 7.000000000000000000e+00 9.000000000000000222e-01
2.579999999999999627e+00 8.880438804626464844e+00 7.000000000000000000e+00 1.900000000000000000e+01 9.000000000000000222e-01
2.695999999999999286e+00 8.880438804626464844e+00 8.000000000000000000e+00 1.000000000000000000e+01 9.000000000000000222e-01
2.939999999999999503e+00 8.880438804626464844e+00 9.000000000000000000e+00 0.000000000000000000e+00 9.000000000000000222e-01
4.199999999999997513e+00 8.880438804626464844e+00 1.000000000000000000e+01 1.400000000000000000e+01 9.000000000000000222e-01
4.227999999999997094e+00 8.880438804626464844e+00 1.100000000000000000e+01 4.000000000000000000e+01 9.000000000000000222e-01
4.245999999999996000e+00 8.880438804626464844e+00 1.200000000000000000e+01 3.300000000000000000e+01 9.000000000000000222e-01
4.352999999999996206e+00 8.880438804626464844e+00 1.300000000000000000e+01 6.800000000000000000e+01 9.000000000000000222e-01
4.524999999999996803e+00 8.880438804626464844e+00 1.400000000000000000e+01 1.160000000000000000e+02 9.000000000000000222e-01
4.622999999999996668e+00 8.880438804626464844e+00 1.500000000000000000e+01 6.600000000000000000e+01 9.000000000000000222e-01
4.729999999999996874e+00 8.880438804626464844e+00 1.600000000000000000e+01 2.500000000000000000e+01 9.000000000000000222e-01
4.841999999999999638e+00 8.880438804626464844e+00 1.700000000000000000e+01 8.400000000000000000e+01 9.000000000000000222e-01
4.889999999999999680e+00 8.880438804626464844e+00 1.800000000000000000e+01 6.200000000000000000e+01 9.000000000000000222e-01
4.886999999999998678e+00 8.880438804626464844e+00 1.900000000000000000e+01 9.800000000000000000e+01 9.000000000000000222e-01
5.098999999999997534e+00 8.880438804626464844e+00 2.000000000000000000e+01 5.800000000000000000e+01 9.000000000000000222e-01
5.156999999999997364e+00 8.880438804626464844e+00 2.100000000000000000e+01 3.900000000000000000e+01 9.000000000000000222e-01
5.279999999999996696e+00 8.880438804626464844e+00 2.200000000000000000e+01 7.000000000000000000e+00 9.000000000000000222e-01
6.119999999999996554e+00 8.880438804626464844e+00 2.300000000000000000e+01 1.030000000000000000e+02 9.000000000000000222e-01
6.269999999999996021e+00 8.880438804626464844e+00 2.400000000000000000e+01 7.000000000000000000e+01 9.000000000000000222e-01
6.453999999999996184e+00 8.880438804626464844e+00 2.500000000000000000e+01 6.100000000000000000e+01 9.000000000000000222e-01
6.770999999999995467e+00 8.880438804626464844e+00 2.600000000000000000e+01 7.900000000000000000e+01 9.000000000000000222e-01
7.144999999999994245e+00 8.880438804626464844e+00 2.700000000000000000e+01 9.500000000000000000e+01 9.000000000000000222e-01
7.195999999999995289e+00 8.880438804626464844e+00 2.800000000000000000e+01 7.600000000000000000e+01 9.000000000000000222e-01
7.819999999999998508e+00 8.880438804626464844e+00 2.900000000000000000e+01 3.900000000000000000e+01 9.000000000000000222e-01
8.081999999999995410e+00 8.880438804626464844e+00 3.000000000000000000e+01 2.100000000000000000e+01 9.000000000000000222e-01
8.857999999999981000e+00 8.880438804626464844e+00 3.100000000000000000e+01 0.000000000000000000e+00 9.000000000000000222e-01
1.479999999999999982e+00 8.913090705871582031e+00 0.000000000000000000e+00 0.000000000000000000e+00 9.499999999999999556e-01
1.479999999999999982e+00 8.913090705871582031e+00 1.000000000000000000e+00 7.000000000000000000e+00 9.499999999999999556e-01
1.522999999999999909e+00 8.913090705871582031e+00 2.000000000000000000e+00 7.000000000000000000e+00 9.499999999999999556e-01
1.765999999999999570e+00 8.913090705871582031e+00 3.000000000000000000e+00 0.000000000000000000e+00 9.499999999999999556e-01
1.803999999999999604e+00 8.913090705871582031e+00 4.000000000000000000e+00 0.000000000000000000e+00 9.499999999999999556e-01
2.278999999999999471e+00 8.913090705871582031e+00 5.000000000000000000e+00 1.600000000000000000e+01 9.499999999999999556e-01
2.345999999999999197e+00 8.913090705871582031e+00 6.000000000000000000e+00 1.000000000000000000e+01 9.499999999999999556e-01
2.604999999999999094e+00 8.913090705871582031e+00 7.000000000000000000e+00 2.700000000000000000e+01 9.499999999999999556e-01
2.723999999999998867e+00 8.913090705871582031e+00 8.000000000000000000e+00 1.600000000000000000e+01 9.499999999999999556e-01
2.938999999999998725e+00 8.913090705871582031e+00 9.000000000000000000e+00 0.000000000000000000e+00 9.499999999999999556e-01
4.208999999999996966e+00 8.913090705871582031e+00 1.000000000000000000e+01 1.200000000000000000e+01 9.499999999999999556e-01
4.235999999999997101e+00 8.913090705871582031e+00 1.100000000000000000e+01 3.700000000000000000e+01 9.499999999999999556e-01
4.308999999999997499e+00 8.913090705871582031e+00 1.200000000000000000e+01 3.200000000000000000e+01 9.499999999999999556e-01
4.397999999999997911e+00 8.913090705871582031e+00 1.300000000000000000e+01 6.900000000000000000e+01 9.499999999999999556e-01
4.553999999999996717e+00 8.913090705871582031e+00 1.400000000000000000e+01 1.220000000000000000e+02 9.499999999999999556e-01
4.652999999999996028e+00 8.913090705871582031e+00 1.500000000000000000e+01 7.100000000000000000e+01 9.499999999999999556e-01
4.815999999999995396e+00 8.913090705871582031e+00 1.600000000000000000e+01 4.300000000000000000e+01 9.499999999999999556e-01
4.841999999999995197e+00 8.913090705871582031e+00 1.700000000000000000e+01 8.100000000000000000e+01 9.499999999999999556e-01
4.904999999999994920e+00 8.913090705871582031e+00 1.800000000000000000e+01 6.400000000000000000e+01 9.499999999999999556e-01
4.958999999999995190e+00 8.913090705871582031e+00 1.900000000000000000e+01 9.600000000000000000e+01 9.499999999999999556e-01
5.088999999999995083e+00 8.913090705871582031e+00 2.000000000000000000e+01 5.800000000000000000e+01 9.499999999999999556e-01
5.204999999999994742e+00 8.913090705871582031e+00 2.100000000000000000e+01 4.100000000000000000e+01 9.499999999999999556e-01
5.351999999999995872e+00 8.913090705871582031e+00 2.200000000000000000e+01 1.000000000000000000e+01 9.499999999999999556e-01
6.263999999999994017e+00 8.913090705871582031e+00 2.300000000000000000e+01 9.900000000000000000e+01 9.499999999999999556e-01
6.277999999999995140e+00 8.913090705871582031e+00 2.400000000000000000e+01 8.800000000000000000e+01 9.499999999999999556e-01
6.522999999999995246e+00 8.913090705871582031e+00 2.500000000000000000e+01 7.900000000000000000e+01 9.499999999999999556e-01
6.777999999999993364e+00 8.913090705871582031e+00 2.600000000000000000e+01 8.000000000000000000e+01 9.499999999999999556e-01
7.266999999999990578e+00 8.913090705871582031e+00 2.700000000000000000e+01 9.300000000000000000e+01 9.499999999999999556e-01
7.267999999999990024e+00 8.913090705871582031e+00 2.800000000000000000e+01 1.070000000000000000e+02 9.499999999999999556e-01
7.854999999999992433e+00 8.913090705871582031e+00 2.900000000000000000e+01 4.800000000000000000e+01 9.499999999999999556e-01
8.235999999999989996e+00 8.913090705871582031e+00 3.000000000000000000e+01 2.300000000000000000e+01 9.499999999999999556e-01
8.900999999999989143e+00 8.913090705871582031e+00 3.100000000000000000e+01 0.000000000000000000e+00 9.499999999999999556e-01
1.463000000000000300e+00 8.865305423736572266e+00 0.000000000000000000e+00 0.000000000000000000e+00 1.000000000000000000e+00
1.463000000000000300e+00 8.865305423736572266e+00 1.000000000000000000e+00 7.000000000000000000e+00 1.000000000000000000e+00
1.512000000000000233e+00 8.865305423736572266e+00 2.000000000000000000e+00 7.000000000000000000e+00 1.000000000000000000e+00
1.789999999999999813e+00 8.865305423736572266e+00 3.000000000000000000e+00 0.000000000000000000e+00 1.000000000000000000e+00
1.789999999999999813e+00 8.865305423736572266e+00 4.000000000000000000e+00 0.000000000000000000e+00 1.000000000000000000e+00
2.250999999999999890e+00 8.865305423736572266e+00 5.000000000000000000e+00 1.400000000000000000e+01 1.000000000000000000e+00
2.325000000000000178e+00 8.865305423736572266e+00 6.000000000000000000e+00 9.000000000000000000e+00 1.000000000000000000e+00
2.602999999999999758e+00 8.865305423736572266e+00 7.000000000000000000e+00 2.400000000000000000e+01 1.000000000000000000e+00
2.703999999999999737e+00 8.865305423736572266e+00 8.000000000000000000e+00 1.500000000000000000e+01 1.000000000000000000e+00
2.946999999999999620e+00 8.865305423736572266e+00 9.000000000000000000e+00 0.000000000000000000e+00 1.000000000000000000e+00
4.221999999999998643e+00 8.865305423736572266e+00 1.000000000000000000e+01 1.500000000000000000e+01 1.000000000000000000e+00
4.221999999999998643e+00 8.865305423736572266e+00 1.100000000000000000e+01 4.000000000000000000e+01 1.000000000000000000e+00
4.264999999999998792e+00 8.865305423736572266e+00 1.200000000000000000e+01 3.300000000000000000e+01 1.000000000000000000e+00
4.394999999999999574e+00 8.865305423736572266e+00 1.300000000000000000e+01 7.100000000000000000e+01 1.000000000000000000e+00
4.529999999999999361e+00 8.865305423736572266e+00 1.400000000000000000e+01 1.190000000000000000e+02 1.000000000000000000e+00
4.635999999999999233e+00 8.865305423736572266e+00 1.500000000000000000e+01 6.700000000000000000e+01 1.000000000000000000e+00
4.752999999999999226e+00 8.865305423736572266e+00 1.600000000000000000e+01 3.200000000000000000e+01 1.000000000000000000e+00
4.833000000000000185e+00 8.865305423736572266e+00 1.700000000000000000e+01 7.500000000000000000e+01 1.000000000000000000e+00
4.875000000000000888e+00 8.865305423736572266e+00 1.800000000000000000e+01 6.400000000000000000e+01 1.000000000000000000e+00
4.916000000000001258e+00 8.865305423736572266e+00 1.900000000000000000e+01 9.500000000000000000e+01 1.000000000000000000e+00
5.083000000000002849e+00 8.865305423736572266e+00 2.000000000000000000e+01 5.400000000000000000e+01 1.000000000000000000e+00
5.181000000000001826e+00 8.865305423736572266e+00 2.100000000000000000e+01 4.100000000000000000e+01 1.000000000000000000e+00
5.303000000000002601e+00 8.865305423736572266e+00 2.200000000000000000e+01 8.000000000000000000e+00 1.000000000000000000e+00
6.152000000000006352e+00 8.865305423736572266e+00 2.300000000000000000e+01 1.020000000000000000e+02 1.000000000000000000e+00
6.296000000000006480e+00 8.865305423736572266e+00 2.400000000000000000e+01 9.100000000000000000e+01 1.000000000000000000e+00
6.484000000000005315e+00 8.865305423736572266e+00 2.500000000000000000e+01 7.100000000000000000e+01 1.000000000000000000e+00
6.791000000000004810e+00 8.865305423736572266e+00 2.600000000000000000e+01 8.200000000000000000e+01 1.000000000000000000e+00
7.182000000000004825e+00 8.865305423736572266e+00 2.700000000000000000e+01 1.030000000000000000e+02 1.000000000000000000e+00
7.374000000000004107e+00 8.865305423736572266e+00 2.800000000000000000e+01 1.010000000000000000e+02 1.000000000000000000e+00
7.940000000000006608e+00 8.865305423736572266e+00 2.900000000000000000e+01 5.000000000000000000e+01 1.000000000000000000e+00
8.141000000000007120e+00 8.865305423736572266e+00 3.000000000000000000e+01 2.100000000000000000e+01 1.000000000000000000e+00
8.860000000000002984e+00 8.865305423736572266e+00 3.100000000000000000e+01 0.000000000000000000e+00 1.000000000000000000e+00
1.478999999999999870e+00 8.904196023941040039e+00 0.000000000000000000e+00 0.000000000000000000e+00 1.050000000000000044e+00
1.478999999999999870e+00 8.904196023941040039e+00 1.000000000000000000e+00 7.000000000000000000e+00 1.050000000000000044e+00
1.521999999999999797e+00 8.904196023941040039e+00 2.000000000000000000e+00 7.000000000000000000e+00 1.050000000000000044e+00
1.799999999999999822e+00 8.904196023941040039e+00 3.000000000000000000e+00 0.000000000000000000e+00 1.050000000000000044e+00
1.799999999999999822e+00 8.904196023941040039e+00 4.000000000000000000e+00 0.000000000000000000e+00 1.050000000000000044e+00
2.249999999999999556e+00 8.904196023941040039e+00 5.000000000000000000e+00 1.400000000000000000e+01 1.050000000000000044e+00
2.332999999999999297e+00 8.904196023941040039e+00 6.000000000000000000e+00 7.000000000000000000e+00 1.050000000000000044e+00
2.602999999999999758e+00 8.904196023941040039e+00 7.000000000000000000e+00 2.400000000000000000e+01 1.050000000000000044e+00
2.702999999999999403e+00 8.904196023941040039e+00 8.000000000000000000e+00 1.400000000000000000e+01 1.050000000000000044e+00
2.941999999999998838e+00 8.904196023941040039e+00 9.000000000000000000e+00 0.000000000000000000e+00 1.050000000000000044e+00
4.227999999999996206e+00 8.904196023941040039e+00 1.000000000000000000e+01 1.400000000000000000e+01 1.050000000000000044e+00
4.227999999999996206e+00 8.904196023941040039e+00 1.100000000000000000e+01 3.800000000000000000e+01 1.050000000000000044e+00
4.302999999999997272e+00 8.904196023941040039e+00 1.200000000000000000e+01 3.200000000000000000e+01 1.050000000000000044e+00
4.390999999999997350e+00 8.904196023941040039e+00 1.300000000000000000e+01 7.400000000000000000e+01 1.050000000000000044e+00
4.541999999999996263e+00 8.904196023941040039e+00 1.400000000000000000e+01 1.170000000000000000e+02 1.050000000000000044e+00
4.640999999999995573e+00 8.904196023941040039e+00 1.500000000000000000e+01 6.900000000000000000e+01 1.050000000000000044e+00
4.795999999999994046e+00 8.904196023941040039e+00 1.600000000000000000e+01 4.100000000000000000e+01 1.050000000000000044e+00
4.844999999999992646e+00 8.904196023941040039e+00 1.700000000000000000e+01 8.000000000000000000e+01 1.050000000000000044e+00
4.906999999999992923e+00 8.904196023941040039e+00 1.800000000000000000e+01 6.600000000000000000e+01 1.050000000000000044e+00
4.951999999999994628e+00 8.904196023941040039e+00 1.900000000000000000e+01 9.700000000000000000e+01 1.050000000000000044e+00
5.080999999999994188e+00 8.904196023941040039e+00 2.000000000000000000e+01 5.700000000000000000e+01 1.050000000000000044e+00
5.202999999999995850e+00 8.904196023941040039e+00 2.100000000000000000e+01 4.200000000000000000e+01 1.050000000000000044e+00
5.350999999999994650e+00 8.904196023941040039e+00 2.200000000000000000e+01 1.000000000000000000e+01 1.050000000000000044e+00
6.251999999999994451e+00 8.904196023941040039e+00 2.300000000000000000e+01 9.900000000000000000e+01 1.050000000000000044e+00
6.315999999999993619e+00 8.904196023941040039e+00 2.400000000000000000e+01 1.100000000000000000e+02 1.050000000000000044e+00
6.520999999999993690e+00 8.904196023941040039e+00 2.500000000000000000e+01 7.900000000000000000e+01 1.050000000000000044e+00
6.799999999999992717e+00 8.904196023941040039e+00 2.600000000000000000e+01 9.600000000000000000e+01 1.050000000000000044e+00
7.258999999999988795e+00 8.904196023941040039e+00 2.700000000000000000e+01 1.080000000000000000e+02 1.050000000000000044e+00
7.461999999999987310e+00 8.904196023941040039e+00 2.800000000000000000e+01 1.090000000000000000e+02 1.050000000000000044e+00
8.006999999999983686e+00 8.904196023941040039e+00 2.900000000000000000e+01 6.100000000000000000e+01 1.050000000000000044e+00
8.225999999999986656e+00 8.904196023941040039e+00 3.000000000000000000e+01 2.300000000000000000e+01 1.050000000000000044e+00
8.880999999999978911e+00 8.904196023941040039e+00 3.100000000000000000e+01 0.000000000000000000e+00 1.050000000000000044e+00
1.446999999999999620e+00 8.870035409927368164e+00 0.000000000000000000e+00 0.000000000000000000e+00 1.100000000000000089e+00
1.446999999999999620e+00 8.870035409927368164e+00 1.000000000000000000e+00 6.000000000000000000e+00 1.100000000000000089e+00
1.491999999999999549e+00 8.870035409927368164e+00 2.000000000000000000e+00 7.000000000000000000e+00 1.100000000000000089e+00
1.757999999999999341e+00 8.870035409927368164e+00 3.000000000000000000e+00 0.000000000000000000e+00 1.100000000000000089e+00
1.805999999999999384e+00 8.870035409927368164e+00 4.000000000000000000e+00 0.000000000000000000e+00 1.100000000000000089e+00
2.269999999999999130e+00 8.870035409927368164e+00 5.000000000000000000e+00 1.200000000000000000e+01 1.100000000000000089e+00
2.314999999999999059e+00 8.870035409927368164e+00 6.000000000000000000e+00 7.000000000000000000e+00 1.100000000000000089e+00
2.600999999999999535e+00 8.870035409927368164e+00 7.000000000000000000e+00 2.000000000000000000e+01 1.100000000000000089e+00
2.725999999999999535e+00 8.870035409927368164e+00 8.000000000000000000e+00 1.200000000000000000e+01 1.100000000000000089e+00
2.974999999999999201e+00 8.870035409927368164e+00 9.000000000000000000e+00 0.000000000000000000e+00 1.100000000000000089e+00
4.194999999999998508e+00 8.870035409927368164e+00 1.000000000000000000e+01 1.400000000000000000e+01 1.100000000000000089e+00
4.220999999999998309e+00 8.870035409927368164e+00 1.100000000000000000e+01 3.800000000000000000e+01 1.100000000000000089e+00
4.238999999999998103e+00 8.870035409927368164e+00 1.200000000000000000e+01 3.300000000000000000e+01 1.100000000000000089e+00
4.371999999999997222e+00 8.870035409927368164e+00 1.300000000000000000e+01 6.500000000000000000e+01 1.100000000000000089e+00
4.513999999999997570e+00 8.870035409927368164e+00 1.400000000000000000e+01 1.080000000000000000e+02 1.100000000000000089e+00
4.624999999999996447e+00 8.870035409927368164e+00 1.500000000000000000e+01 6.200000000000000000e+01 1.100000000000000089e+00
4.707999999999996632e+00 8.870035409927368164e+00 1.600000000000000000e+01 2.300000000000000000e+01 1.100000000000000089e+00
4.861999999999997435e+00 8.870035409927368164e+00 1.700000000000000000e+01 5.800000000000000000e+01 1.100000000000000089e+00
4.835999999999997634e+00 8.870035409927368164e+00 1.800000000000000000e+01 7.600000000000000000e+01 1.100000000000000089e+00
4.860999999999997101e+00 8.870035409927368164e+00 1.900000000000000000e+01 9.300000000000000000e+01 1.100000000000000089e+00
5.091999999999996973e+00 8.870035409927368164e+00 2.000000000000000000e+01 5.400000000000000000e+01 1.100000000000000089e+00
5.150999999999996248e+00 8.870035409927368164e+00 2.100000000000000000e+01 4.100000000000000000e+01 1.100000000000000089e+00
5.273999999999995580e+00 8.870035409927368164e+00 2.200000000000000000e+01 7.000000000000000000e+00 1.100000000000000089e+00
6.096999999999995090e+00 8.870035409927368164e+00 2.300000000000000000e+01 1.000000000000000000e+02 1.100000000000000089e+00
6.263999999999995794e+00 8.870035409927368164e+00 2.400000000000000000e+01 8.200000000000000000e+01 1.100000000000000089e+00
6.461999999999996191e+00 8.870035409927368164e+00 2.500000000000000000e+01 6.700000000000000000e+01 1.100000000000000089e+00
6.780999999999995254e+00 8.870035409927368164e+00 2.600000000000000000e+01 8.100000000000000000e+01 1.100000000000000089e+00
7.139999999999994351e+00 8.870035409927368164e+00 2.700000000000000000e+01 1.030000000000000000e+02 1.100000000000000089e+00
7.197999999999994181e+00 8.870035409927368164e+00 2.800000000000000000e+01 8.400000000000000000e+01 1.100000000000000089e+00
7.818999999999993733e+00 8.870035409927368164e+00 2.900000000000000000e+01 4.400000000000000000e+01 1.100000000000000089e+00
8.095999999999991203e+00 8.870035409927368164e+00 3.000000000000000000e+01 2.000000000000000000e+01 1.100000000000000089e+00
8.857999999999998764e+00 8.870035409927368164e+00 3.100000000000000000e+01 0.000000000000000000e+00 1.100000000000000089e+00
1.481000000000000316e+00 8.895427465438842773e+00 0.000000000000000000e+00 0.000000000000000000e+00 1.149999999999999911e+00
1.481000000000000316e+00 8.895427465438842773e+00 1.000000000000000000e+00 7.000000000000000000e+00 1.149999999999999911e+00
1.527000000000000357e+00 8.895427465438842773e+00 2.000000000000000000e+00 7.000000000000000000e+00 1.149999999999999911e+00
1.777000000000000357e+00 8.895427465438842773e+00 3.000000000000000000e+00 0.000000000000000000e+00 1.149999999999999911e+00
1.777000000000000357e+00 8.895427465438842773e+00 4.000000000000000000e+00 0.000000000000000000e+00 1.149999999999999911e+00
2.262000000000000011e+00 8.895427465438842773e+00 5.000000000000000000e+00 1.400000000000000000e+01 1.149999999999999911e+00
2.338000000000000078e+00 8.895427465438842773e+00 6.000000000000000000e+00 9.000000000000000000e+00 1.149999999999999911e+00
2.596999999999999975e+00 8.895427465438842773e+00 7.000000000000000000e+00 2.200000000000000000e+01 1.149999999999999911e+00
2.722999999999999865e+00 8.895427465438842773e+00 8.000000000000000000e+00 1.300000000000000000e+01 1.149999999999999911e+00
2.968999999999999861e+00 8.895427465438842773e+00 9.000000000000000000e+00 0.000000000000000000e+00 1.149999999999999911e+00
4.200999999999998735e+00 8.895427465438842773e+00 1.000000000000000000e+01 1.400000000000000000e+01 1.149999999999999911e+00
4.227999999999998870e+00 8.895427465438842773e+00 1.100000000000000000e+01 4.100000000000000000e+01 1.149999999999999911e+00
4.250999999999998558e+00 8.895427465438842773e+00 1.200000000000000000e+01 3.300000000000000000e+01 1.149999999999999911e+00
4.384999999999998899e+00 8.895427465438842773e+00 1.300000000000000000e+01 6.200000000000000000e+01 1.149999999999999911e+00
4.530000000000000249e+00 8.895427465438842773e+00 1.400000000000000000e+01 1.090000000000000000e+02 1.149999999999999911e+00
4.634999999999997122e+00 8.895427465438842773e+00 1.500000000000000000e+01 6.400000000000000000e+01 1.149999999999999911e+00
4.732999999999997875e+00 8.895427465438842773e+00 1.600000000000000000e+01 3.400000000000000000e+01 1.149999999999999911e+00
4.823999999999997179e+00 8.895427465438842773e+00 1.700000000000000000e+01 7.400000000000000000e+01 1.149999999999999911e+00
4.887999999999997236e+00 8.895427465438842773e+00 1.800000000000000000e+01 5.700000000000000000e+01 1.149999999999999911e+00
4.908999999999996255e+00 8.895427465438842773e+00 1.900000000000000000e+01 9.300000000000000000e+01 1.149999999999999911e+00
5.093999999999996753e+00 8.895427465438842773e+00 2.000000000000000000e+01 6.000000000000000000e+01 1.149999999999999911e+00
5.176999999999994273e+00 8.895427465438842773e+00 2.100000000000000000e+01 4.000000000000000000e+01 1.149999999999999911e+00
5.311999999999994948e+00 8.895427465438842773e+00 2.200000000000000000e+01 9.000000000000000000e+00 1.149999999999999911e+00
6.174999999999996270e+00 8.895427465438842773e+00 2.300000000000000000e+01 9.900000000000000000e+01 1.149999999999999911e+00
6.263999999999996682e+00 8.895427465438842773e+00 2.400000000000000000e+01 7.900000000000000000e+01 1.149999999999999911e+00
6.481999999999995765e+00 8.895427465438842773e+00 2.500000000000000000e+01 7.300000000000000000e+01 1.149999999999999911e+00
6.765999999999996461e+00 8.895427465438842773e+00 2.600000000000000000e+01 8.300000000000000000e+01 1.149999999999999911e+00
7.187999999999996170e+00 8.895427465438842773e+00 2.700000000000000000e+01 8.000000000000000000e+01 1.149999999999999911e+00
7.186999999999996724e+00 8.895427465438842773e+00 2.800000000000000000e+01 1.060000000000000000e+02 1.149999999999999911e+00
7.812999999999995282e+00 8.895427465438842773e+00 2.900000000000000000e+01 4.300000000000000000e+01 1.149999999999999911e+00
8.148999999999993804e+00 8.895427465438842773e+00 3.000000000000000000e+01 2.400000000000000000e+01 1.149999999999999911e+00
8.863999999999988333e+00 8.895427465438842773e+00 3.100000000000000000e+01 0.000000000000000000e+00 1.149999999999999911e+00
1.447999999999999954e+00 8.909175872802734375e+00 0.000000000000000000e+00 0.000000000000000000e+00 1.199999999999999956e+00
1.447999999999999954e+00 8.909175872802734375e+00 1.000000000000000000e+00 6.000000000000000000e+00 1.199999999999999956e+00
1.491999999999999993e+00 8.909175872802734375e+00 2.000000000000000000e+00 7.000000000000000000e+00 1.199999999999999956e+00
1.778000000000000025e+00 8.909175872802734375e+00 3.000000000000000000e+00 0.000000000000000000e+00 1.199999999999999956e+00
1.778000000000000025e+00 8.909175872802734375e+00 4.000000000000000000e+00 0.000000000000000000e+00 1.199999999999999956e+00
2.253000000000000114e+00 8.909175872802734375e+00 5.000000000000000000e+00 1.400000000000000000e+01 1.199999999999999956e+00
2.326999999999999957e+00 8.909175872802734375e+00 6.000000000000000000e+00 9.000000000000000000e+00 1.199999999999999956e+00
2.631999999999999673e+00 8.909175872802734375e+00 7.000000000000000000e+00 2.300000000000000000e+01 1.199999999999999956e+00
2.712999999999999634e+00 8.909175872802734375e+00 8.000000000000000000e+00 1.300000000000000000e+01 1.199999999999999956e+00
2.945999999999999286e+00 8.909175872802734375e+00 9.000000000000000000e+00 0.000000000000000000e+00 1.199999999999999956e+00
4.217999999999998195e+00 8.909175872802734375e+00 1.000000000000000000e+01 1.400000000000000000e+01 1.199999999999999956e+00
4.217999999999998195e+00 8.909175872802734375e+00 1.100000000000000000e+01 3.900000000000000000e+01 1.199999999999999956e+00
4.281999999999998252e+00 8.909175872802734375e+00 1.200000000000000000e+01 3.300000000000000000e+01 1.199999999999999956e+00
4.361999999999998323e+00 8.909175872802734375e+00 1.300000000000000000e+01 7.400000000000000000e+01 1.199999999999999956e+00
4.537999999999998479e+00 8.909175872802734375e+00 1.400000000000000000e+01 1.200000000000000000e+02 1.199999999999999956e+00
4.638999999999998458e+00 8.909175872802734375e+00 1.500000000000000000e+01 7.000000000000000000e+01 1.199999999999999956e+00
4.771999999999997577e+00 8.909175872802734375e+00 1.600000000000000000e+01 4.000000000000000000e+01 1.199999999999999956e+00
4.835999999999998522e+00 8.909175872802734375e+00 1.700000000000000000e+01 9.300000000000000000e+01 1.199999999999999956e+00
4.891999999999998572e+00 8.909175872802734375e+00 1.800000000000000000e+01 6.800000000000000000e+01 1.199999999999999956e+00
4.938999999999998280e+00 8.909175872802734375e+00 1.900000000000000000e+01 1.020000000000000000e+02 1.199999999999999956e+00
5.088999999999997748e+00 8.909175872802734375e+00 2.000000000000000000e+01 5.800000000000000000e+01 1.199999999999999956e+00
5.201999999999998181e+00 8.909175872802734375e+00 2.100000000000000000e+01 4.200000000000000000e+01 1.199999999999999956e+00
5.345999999999999197e+00 8.909175872802734375e+00 2.200000000000000000e+01 1.000000000000000000e+01 1.199999999999999956e+00
6.218000000000001748e+00 8.909175872802734375e+00 2.300000000000000000e+01 1.020000000000000000e+02 1.199999999999999956e+00
6.252000000000002444e+00 8.909175872802734375e+00 2.400000000000000000e+01 8.200000000000000000e+01 1.199999999999999956e+00
6.504000000000003112e+00 8.909175872802734375e+00 2.500000000000000000e+01 7.900000000000000000e+01 1.199999999999999956e+00
6.764000000000001123e+00 8.909175872802734375e+00 2.600000000000000000e+01 8.300000000000000000e+01 1.199999999999999956e+00
7.174000000000001265e+00 8.909175872802734375e+00 2.700000000000000000e+01 8.400000000000000000e+01 1.199999999999999956e+00
7.217000000000000526e+00 8.909175872802734375e+00 2.800000000000000000e+01 1.100000000000000000e+02 1.199999999999999956e+00
7.794999999999997264e+00 8.909175872802734375e+00 2.900000000000000000e+01 4.200000000000000000e+01 1.199999999999999956e+00
8.192999999999997840e+00 8.909175872802734375e+00 3.000000000000000000e+01 2.300000000000000000e+01 1.199999999999999956e+00
8.883000000000000895e+00 8.909175872802734375e+00 3.100000000000000000e+01 0.000000000000000000e+00 1.199999999999999956e+00
1.462999999999999634e+00 8.916371583938598633e+00 0.000000000000000000e+00 0.000000000000000000e+00 1.250000000000000000e+00
1.462999999999999634e+00 8.916371583938598633e+00 1.000000000000000000e+00 7.000000000000000000e+00 1.250000000000000000e+00
1.504999999999999671e+00 8.916371583938598633e+00 2.000000000000000000e+00 8.000000000000000000e+00 1.250000000000000000e+00
1.764999999999999680e+00 8.916371583938598633e+00 3.000000000000000000e+00 0.000000000000000000e+00 1.250000000000000000e+00
1.764999999999999680e+00 8.916371583938598633e+00 4.000000000000000000e+00 0.000000000000000000e+00 1.250000000000000000e+00
2.244999999999999218e+00 8.916371583938598633e+00 5.000000000000000000e+00 1.400000000000000000e+01 1.250000000000000000e+00
2.317999999999999172e+00 8.916371583938598633e+00 6.000000000000000000e+00 9.000000000000000000e+00 1.250000000000000000e+00
2.578999999999999737e+00 8.916371583938598633e+00 7.000000000000000000e+00 2.500000000000000000e+01 1.250000000000000000e+00
2.709999999999999520e+00 8.916371583938598633e+00 8.000000000000000000e+00 1.500000000000000000e+01 1.250000000000000000e+00
2.970999999999999641e+00 8.916371583938598633e+00 9.000000000000000000e+00 0.000000000000000000e+00 1.250000000000000000e+00
4.205999999999998629e+00 8.916371583938598633e+00 1.000000000000000000e+01 1.400000000000000000e+01 1.250000000000000000e+00
4.232999999999998764e+00 8.916371583938598633e+00 1.100000000000000000e+01 4.000000000000000000e+01 1.250000000000000000e+00
4.281999999999999140e+00 8.916371583938598633e+00 1.200000000000000000e+01 3.500000000000000000e+01 1.250000000000000000e+00
4.379999999999998117e+00 8.916371583938598633e+00 1.300000000000000000e+01 6.800000000000000000e+01 1.250000000000000000e+00
4.540999999999997705e+00 8.916371583938598633e+00 1.400000000000000000e+01 1.210000000000000000e+02 1.250000000000000000e+00
4.634999999999998010e+00 8.916371583938598633e+00 1.500000000000000000e+01 6.700000000000000000e+01 1.250000000000000000e+00
4.783999999999997144e+00 8.916371583938598633e+00 1.600000000000000000e+01 4.200000000000000000e+01 1.250000000000000000e+00
4.830999999999996852e+00 8.916371583938598633e+00 1.700000000000000000e+01 7.900000000000000000e+01 1.250000000000000000e+00
4.890999999999997350e+00 8.916371583938598633e+00 1.800000000000000000e+01 6.200000000000000000e+01 1.250000000000000000e+00
4.950999999999998735e+00 8.916371583938598633e+00 1.900000000000000000e+01 9.700000000000000000e+01 1.250000000000000000e+00
5.086999999999997968e+00 8.916371583938598633e+00 2.000000000000000000e+01 5.900000000000000000e+01 1.250000000000000000e+00
5.202999999999997627e+00 8.916371583938598633e+00 2.100000000000000000e+01 4.400000000000000000e+01 1.250000000000000000e+00
5.355999999999996319e+00 8.916371583938598633e+00 2.200000000000000000e+01 1.100000000000000000e+01 1.250000000000000000e+00
6.266999999999994131e+00 8.916371583938598633e+00 2.300000000000000000e+01 1.010000000000000000e+02 1.250000000000000000e+00
6.261999999999994237e+00 8.916371583938598633e+00 2.400000000000000000e+01 8.500000000000000000e+01 1.250000000000000000e+00
6.512999999999992795e+00 8.916371583938598633e+00 2.500000000000000000e+01 7.800000000000000000e+01 1.250000000000000000e+00
6.757999999999993790e+00 8.916371583938598633e+00 2.600000000000000000e+01 8.300000000000000000e+01 1.250000000000000000e+00
7.201999999999991964e+00 8.916371583938598633e+00 2.700000000000000000e+01 8.900000000000000000e+01 1.250000000000000000e+00
7.256999999999993456e+00 8.916371583938598633e+00 2.800000000000000000e+01 1.090000000000000000e+02 1.250000000000000000e+00
7.818999999999989292e+00 8.916371583938598633e+00 2.900000000000000000e+01 4.400000000000000000e+01 1.250000000000000000e+00
8.228999999999990322e+00 8.916371583938598633e+00 3.000000000000000000e+01 2.400000000000000000e+01 1.250000000000000000e+00
8.888999999999992241e+00 8.916371583938598633e+00 3.100000000000000000e+01 0.000000000000000000e+00 1.250000000000000000e+00
