1.453000000000000069e+00 8.857528448104858398e+00 0.000000000000000000e+00 0.000000000000000000e+00 7.500000000000000000e-01
1.453000000000000069e+00 8.857528448104858398e+00 1.000000000000000000e+00 7.000000000000000000e+00 7.500000000000000000e-01
1.499000000000000110e+00 8.857528448104858398e+00 2.000000000000000000e+00 6.000000000000000000e+00 7.500000000000000000e-01
1.755000000000000115e+00 8.857528448104858398e+00 3.000000000000000000e+00 0.000000000000000000e+00 7.500000000000000000e-01
1.795000000000000151e+00 8.857528448104858398e+00 4.000000000000000000e+00 0.000000000000000000e+00 7.500000000000000000e-01
2.232000000000000206e+00 8.857528448104858398e+00 5.000000000000000000e+00 1.000000000000000000e+01 7.500000000000000000e-01
2.342999999999999972e+00 8.857528448104858398e+00 6.000000000000000000e+00 9.000000000000000000e+00 7.500000000000000000e-01
2.585999999999999854e+00 8.857528448104858398e+00 7.000000000000000000e+00 2.100000000000000000e+01 7.500000000000000000e-01
2.729999999999999538e+00 8.857528448104858398e+00 8.000000000000000000e+00 1.500000000000000000e+01 7.500000000000000000e-01
2.949999999999998401e+00 8.857528448104858398e+00 9.000000000000000000e+00 0.000000000000000000e+00 7.500000000000000000e-01
4.141999999999996795e+00 8.857528448104858398e+00 1.000000000000000000e+01 1.400000000000000000e+01 7.500000000000000000e-01
4.111999999999997435e+00 8.857528448104858398e+00 1.100000000000000000e+01 2.600000000000000000e+01 7.500000000000000000e-01
4.290999999999996817e+00 8.857528448104858398e+00 1.200000000000000000e+01 4.000000000000000000e+01 7.500000000000000000e-01
4.334999999999998188e+00 8.857528448104858398e+00 1.300000000000000000e+01 6.000000000000000000e+01 7.500000000000000000e-01
4.470999999999998309e+00 8.857528448104858398e+00 1.400000000000000000e+01 1.330000000000000000e+02 7.500000000000000000e-01
4.616999999999998217e+00 8.857528448104858398e+00 1.500000000000000000e+01 6.100000000000000000e+01 7.500000000000000000e-01
4.710999999999997634e+00 8.857528448104858398e+00 1.600000000000000000e+01 1.020000000000000000e+02 7.500000000000000000e-01
4.804999999999997939e+00 8.857528448104858398e+00 1.700000000000000000e+01 6.000000000000000000e+01 7.500000000000000000e-01
4.846999999999998643e+00 8.857528448104858398e+00 1.800000000000000000e+01 4.700000000000000000e+01 7.500000000000000000e-01
5.053999999999999382e+00 8.857528448104858398e+00 1.900000000000000000e+01 3.600000000000000000e+01 7.500000000000000000e-01
5.084999999999999076e+00 8.857528448104858398e+00 2.000000000000000000e+01 2.400000000000000000e+01 7.500000000000000000e-01
5.695999999999997065e+00 8.857528448104858398e+00 2.100000000000000000e+01 8.500000000000000000e+01 7.500000000000000000e-01
5.695999999999997065e+00 8.857528448104858398e+00 2.200000000000000000e+01 7.900000000000000000e+01 7.500000000000000000e-01
6.015999999999996461e+00 8.857528448104858398e+00 2.300000000000000000e+01 7.700000000000000000e+01 7.500000000000000000e-01
6.520999999999999019e+00 8.857528448104858398e+00 2.400000000000000000e+01 1.090000000000000000e+02 7.500000000000000000e-01
6.782000000000000917e+00 8.857528448104858398e+00 2.500000000000000000e+01 7.800000000000000000e+01 7.500000000000000000e-01
7.603000000000002423e+00 8.857528448104858398e+00 2.600000000000000000e+01 2.800000000000000000e+01 7.500000000000000000e-01
7.667000000000001592e+00 8.857528448104858398e+00 2.700000000000000000e+01 1.020000000000000000e+02 7.500000000000000000e-01
7.879000000000000448e+00 8.857528448104858398e+00 2.800000000000000000e+01 1.310000000000000000e+02 7.500000000000000000e-01
7.899999999999999467e+00 8.857528448104858398e+00 2.900000000000000000e+01 1.150000000000000000e+02 7.500000000000000000e-01
8.597999999999993648e+00 8.857528448104858398e+00 3.000000000000000000e+01 1.080000000000000000e+02 7.500000000000000000e-01
8.830999999999997740e+00 8.857528448104858398e+00 3.100000000000000000e+01 0.000000000000000000e+00 7.500000000000000000e-01
1.441000000000000059e+00 8.857886552810668945e+00 0.000000000000000000e+00 0.000000000000000000e+00 8.000000000000000444e-01
1.441000000000000059e+00 8.857886552810668945e+00 1.000000000000000000e+00 5.000000000000000000e+00 8.000000000000000444e-01
1.489000000000000101e+00 8.857886552810668945e+00 2.000000000000000000e+00 5.000000000000000000e+00 8.000000000000000444e-01
1.745000000000000107e+00 8.857886552810668945e+00 3.000000000000000000e+00 0.000000000000000000e+00 8.000000000000000444e-01
1.797000000000000153e+00 8.857886552810668945e+00 4.000000000000000000e+00 0.000000000000000000e+00 8.000000000000000444e-01
2.241000000000000547e+00 8.857886552810668945e+00 5.000000000000000000e+00 1.300000000000000000e+01 8.000000000000000444e-01
2.343000000000000416e+00 8.857886552810668945e+00 6.000000000000000000e+00 9.000000000000000000e+00 8.000000000000000444e-01
2.600999999999999979e+00 8.857886552810668945e+00 7.000000000000000000e+00 2.300000000000000000e+01 8.000000000000000444e-01
2.706999999999999851e+00 8.857886552810668945e+00 8.000000000000000000e+00 1.400000000000000000e+01 8.000000000000000444e-01
2.961999999999999300e+00 8.857886552810668945e+00 9.000000000000000000e+00 0.000000000000000000e+00 8.000000000000000444e-01
4.171999999999997932e+00 8.857886552810668945e+00 1.000000000000000000e+01 1.400000000000000000e+01 8.000000000000000444e-01
4.164999999999998259e+00 8.857886552810668945e+00 1.100000000000000000e+01 2.900000000000000000e+01 8.000000000000000444e-01
4.200999999999997847e+00 8.857886552810668945e+00 1.200000000000000000e+01 3.800000000000000000e+01 8.000000000000000444e-01
4.371999999999998110e+00 8.857886552810668945e+00 1.300000000000000000e+01 5.800000000000000000e+01 8.000000000000000444e-01
4.470999999999997421e+00 8.857886552810668945e+00 1.400000000000000000e+01 1.120000000000000000e+02 8.000000000000000444e-01
4.667999999999996597e+00 8.857886552810668945e+00 1.500000000000000000e+01 3.500000000000000000e+01 8.000000000000000444e-01
4.610999999999996213e+00 8.857886552810668945e+00 1.600000000000000000e+01 6.000000000000000000e+01 8.000000000000000444e-01
4.804999999999997051e+00 8.857886552810668945e+00 1.700000000000000000e+01 5.600000000000000000e+01 8.000000000000000444e-01
4.862999999999996881e+00 8.857886552810668945e+00 1.800000000000000000e+01 5.600000000000000000e+01 8.000000000000000444e-01
4.816999999999996618e+00 8.857886552810668945e+00 1.900000000000000000e+01 8.800000000000000000e+01 8.000000000000000444e-01
5.101999999999996760e+00 8.857886552810668945e+00 2.000000000000000000e+01 5.400000000000000000e+01 8.000000000000000444e-01
5.134999999999997122e+00 8.857886552810668945e+00 2.100000000000000000e+01 4.300000000000000000e+01 8.000000000000000444e-01
5.151999999999996582e+00 8.857886552810668945e+00 2.200000000000000000e+01 8.000000000000000000e+00 8.000000000000000444e-01
6.032999999999999474e+00 8.857886552810668945e+00 2.300000000000000000e+01 8.500000000000000000e+01 8.000000000000000444e-01
6.067999999999999616e+00 8.857886552810668945e+00 2.400000000000000000e+01 4.200000000000000000e+01 8.000000000000000444e-01
6.368000000000002991e+00 8.857886552810668945e+00 2.500000000000000000e+01 6.600000000000000000e+01 8.000000000000000444e-01
6.882000000000004114e+00 8.857886552810668945e+00 2.600000000000000000e+01 9.000000000000000000e+01 8.000000000000000444e-01
6.908000000000003915e+00 8.857886552810668945e+00 2.700000000000000000e+01 5.700000000000000000e+01 8.000000000000000444e-01
6.977000000000002977e+00 8.857886552810668945e+00 2.800000000000000000e+01 9.600000000000000000e+01 8.000000000000000444e-01
7.796000000000006480e+00 8.857886552810668945e+00 2.900000000000000000e+01 4.300000000000000000e+01 8.000000000000000444e-01
7.908000000000007468e+00 8.857886552810668945e+00 3.000000000000000000e+01 2.300000000000000000e+01 8.000000000000000444e-01
8.811999999999999389e+00 8.857886552810668945e+00 3.100000000000000000e+01 0.000000000000000000e+00 8.000000000000000444e-01
1.480000000000000204e+00 8.855835437774658203e+00 0.000000000000000000e+00 0.000000000000000000e+00 8.499999999999999778e-01
1.480000000000000204e+00 8.855835437774658203e+00 1.000000000000000000e+00 8.000000000000000000e+00 8.499999999999999778e-01
1.529000000000000137e+00 8.855835437774658203e+00 2.000000000000000000e+00 7.000000000000000000e+00 8.499999999999999778e-01
1.797000000000000153e+00 8.855835437774658203e+00 3.000000000000000000e+00 0.000000000000000000e+00 8.499999999999999778e-01
1.797000000000000153e+00 8.855835437774658203e+00 4.000000000000000000e+00 0.000000000000000000e+00 8.499999999999999778e-01
2.274999999999999911e+00 8.855835437774658203e+00 5.000000000000000000e+00 1.200000000000000000e+01 8.499999999999999778e-01
2.322000000000000064e+00 8.855835437774658203e+00 6.000000000000000000e+00 5.000000000000000000e+00 8.499999999999999778e-01
2.562000000000000277e+00 8.855835437774658203e+00 7.000000000000000000e+00 1.700000000000000000e+01 8.499999999999999778e-01
2.701000000000000512e+00 8.855835437774658203e+00 8.000000000000000000e+00 9.000000000000000000e+00 8.499999999999999778e-01
2.948000000000000398e+00 8.855835437774658203e+00 9.000000000000000000e+00 0.000000000000000000e+00 8.499999999999999778e-01
4.170999999999999375e+00 8.855835437774658203e+00 1.000000000000000000e+01 1.400000000000000000e+01 8.499999999999999778e-01
4.167999999999998373e+00 8.855835437774658203e+00 1.100000000000000000e+01 3.000000000000000000e+01 8.499999999999999778e-01
4.228999999999999204e+00 8.855835437774658203e+00 1.200000000000000000e+01 3.900000000000000000e+01 8.499999999999999778e-01
4.279999999999998472e+00 8.855835437774658203e+00 1.300000000000000000e+01 6.200000000000000000e+01 8.499999999999999778e-01
4.494999999999999218e+00 8.855835437774658203e+00 1.400000000000000000e+01 1.220000000000000000e+02 8.499999999999999778e-01
4.671999999999998820e+00 8.855835437774658203e+00 1.500000000000000000e+01 2.800000000000000000e+01 8.499999999999999778e-01
4.614999999999998437e+00 8.855835437774658203e+00 1.600000000000000000e+01 6.000000000000000000e+01 8.499999999999999778e-01
4.842999999999998195e+00 8.855835437774658203e+00 1.700000000000000000e+01 6.000000000000000000e+01 8.499999999999999778e-01
4.798999999999997712e+00 8.855835437774658203e+00 1.800000000000000000e+01 1.010000000000000000e+02 8.499999999999999778e-01
4.834999999999998188e+00 8.855835437774658203e+00 1.900000000000000000e+01 6.400000000000000000e+01 8.499999999999999778e-01
5.155999999999999694e+00 8.855835437774658203e+00 2.000000000000000000e+01 5.600000000000000000e+01 8.499999999999999778e-01
5.103999999999999204e+00 8.855835437774658203e+00 2.100000000000000000e+01 3.800000000000000000e+01 8.499999999999999778e-01
5.135999999999998344e+00 8.855835437774658203e+00 2.200000000000000000e+01 6.000000000000000000e+00 8.499999999999999778e-01
5.986999999999998323e+00 8.855835437774658203e+00 2.300000000000000000e+01 8.800000000000000000e+01 8.499999999999999778e-01
6.077999999999996739e+00 8.855835437774658203e+00 2.400000000000000000e+01 4.700000000000000000e+01 8.499999999999999778e-01
6.382999999999995566e+00 8.855835437774658203e+00 2.500000000000000000e+01 6.200000000000000000e+01 8.499999999999999778e-01
6.794999999999994600e+00 8.855835437774658203e+00 2.600000000000000000e+01 5.300000000000000000e+01 8.499999999999999778e-01
6.846999999999994202e+00 8.855835437774658203e+00 2.700000000000000000e+01 8.100000000000000000e+01 8.499999999999999778e-01
6.990999999999994330e+00 8.855835437774658203e+00 2.800000000000000000e+01 9.400000000000000000e+01 8.499999999999999778e-01
7.728999999999983217e+00 8.855835437774658203e+00 2.900000000000000000e+01 3.700000000000000000e+01 8.499999999999999778e-01
7.899999999999983480e+00 8.855835437774658203e+00 3.000000000000000000e+01 2.200000000000000000e+01 8.499999999999999778e-01
8.815999999999966974e+00 8.855835437774658203e+00 3.100000000000000000e+01 0.000000000000000000e+00 8.499999999999999778e-01
1.457000000000000073e+00 8.850053310394287109e+00 0.000000000000000000e+00 0.000000000000000000e+00 9.000000000000000222e-01
1.457000000000000073e+00 8.850053310394287109e+00 1.000000000000000000e+00 5.000000000000000000e+00 9.000000000000000222e-01
1.508000000000000007e+00 8.850053310394287109e+00 2.000000000000000000e+00 5.000000000000000000e+00 9.000000000000000222e-01
1.758000000000000007e+00 8.850053310394287109e+00 3.000000000000000000e+00 0.000000000000000000e+00 9.000000000000000222e-01
1.758000000000000007e+00 8.850053310394287109e+00 4.000000000000000000e+00 0.000000000000000000e+00 9.000000000000000222e-01
2.243000000000000327e+00 8.850053310394287109e+00 5.000000000000000000e+00 1.200000000000000000e+01 9.000000000000000222e-01
2.320000000000000284e+00 8.850053310394287109e+00 6.000000000000000000e+00 7.000000000000000000e+00 9.000000000000000222e-01
2.572000000000000064e+00 8.850053310394287109e+00 7.000000000000000000e+00 2.100000000000000000e+01 9.000000000000000222e-01
2.697999999999999954e+00 8.850053310394287109e+00 8.000000000000000000e+00 1.300000000000000000e+01 9.000000000000000222e-01
2.933999999999999719e+00 8.850053310394287109e+00 9.000000000000000000e+00 0.000000000000000000e+00 9.000000000000000222e-01
4.183999999999998387e+00 8.850053310394287109e+00 1.000000000000000000e+01 1.300000000000000000e+01 9.000000000000000222e-01
4.212999999999998302e+00 8.850053310394287109e+00 1.100000000000000000e+01 3.500000000000000000e+01 9.000000000000000222e-01
4.209999999999998188e+00 8.850053310394287109e+00 1.200000000000000000e+01 2.900000000000000000e+01 9.000000000000000222e-01
4.354999999999997762e+00 8.850053310394287109e+00 1.300000000000000000e+01 6.200000000000000000e+01 9.000000000000000222e-01
4.492999999999998550e+00 8.850053310394287109e+00 1.400000000000000000e+01 1.080000000000000000e+02 9.000000000000000222e-01
4.667999999999997485e+00 8.850053310394287109e+00 1.500000000000000000e+01 2.600000000000000000e+01 9.000000000000000222e-01
4.602999999999996206e+00 8.850053310394287109e+00 1.600000000000000000e+01 6.100000000000000000e+01 9.000000000000000222e-01
4.803999999999996717e+00 8.850053310394287109e+00 1.700000000000000000e+01 6.000000000000000000e+01 9.000000000000000222e-01
4.861999999999996547e+00 8.850053310394287109e+00 1.800000000000000000e+01 5.700000000000000000e+01 9.000000000000000222e-01
4.838999999999995971e+00 8.850053310394287109e+00 1.900000000000000000e+01 8.500000000000000000e+01 9.000000000000000222e-01
5.123999999999997002e+00 8.850053310394287109e+00 2.000000000000000000e+01 5.000000000000000000e+01 9.000000000000000222e-01
5.112999999999995104e+00 8.850053310394287109e+00 2.100000000000000000e+01 3.300000000000000000e+01 9.000000000000000222e-01
5.199999999999994849e+00 8.850053310394287109e+00 2.200000000000000000e+01 8.000000000000000000e+00 9.000000000000000222e-01
6.035999999999996923e+00 8.850053310394287109e+00 2.300000000000000000e+01 8.000000000000000000e+01 9.000000000000000222e-01
6.167999999999996597e+00 8.850053310394287109e+00 2.400000000000000000e+01 6.600000000000000000e+01 9.000000000000000222e-01
6.401999999999995694e+00 8.850053310394287109e+00 2.500000000000000000e+01 5.800000000000000000e+01 9.000000000000000222e-01
6.726999999999996760e+00 8.850053310394287109e+00 2.600000000000000000e+01 6.700000000000000000e+01 9.000000000000000222e-01
6.987999999999996881e+00 8.850053310394287109e+00 2.700000000000000000e+01 6.100000000000000000e+01 9.000000000000000222e-01
7.047999999999997378e+00 8.850053310394287109e+00 2.800000000000000000e+01 8.800000000000000000e+01 9.000000000000000222e-01
7.676999999999996938e+00 8.850053310394287109e+00 2.900000000000000000e+01 3.200000000000000000e+01 9.000000000000000222e-01
7.961999999999996191e+00 8.850053310394287109e+00 3.000000000000000000e+01 2.200000000000000000e+01 9.000000000000000222e-01
8.835999999999982535e+00 8.850053310394287109e+00 3.100000000000000000e+01 0.000000000000000000e+00 9.000000000000000222e-01
1.469000000000000083e+00 8.834599733352661133e+00 0.000000000000000000e+00 0.000000000000000000e+00 9.499999999999999556e-01
1.469000000000000083e+00 8.834599733352661133e+00 1.000000000000000000e+00 6.000000000000000000e+00 9.499999999999999556e-01
1.517000000000000126e+00 8.834599733352661133e+00 2.000000000000000000e+00 7.000000000000000000e+00 9.499999999999999556e-01
1.781000000000000361e+00 8.834599733352661133e+00 3.000000000000000000e+00 0.000000000000000000e+00 9.499999999999999556e-01
1.781000000000000361e+00 8.834599733352661133e+00 4.000000000000000000e+00 0.000000000000000000e+00 9.499999999999999556e-01
2.244000000000000217e+00 8.834599733352661133e+00 5.000000000000000000e+00 1.300000000000000000e+01 9.499999999999999556e-01
2.319000000000000394e+00 8.834599733352661133e+00 6.000000000000000000e+00 8.000000000000000000e+00 9.499999999999999556e-01
2.580000000000000515e+00 8.834599733352661133e+00 7.000000000000000000e+00 2.100000000000000000e+01 9.499999999999999556e-01
2.693000000000000504e+00 8.834599733352661133e+00 8.000000000000000000e+00 1.300000000000000000e+01 9.499999999999999556e-01
2.959000000000000519e+00 8.834599733352661133e+00 9.000000000000000000e+00 0.000000000000000000e+00 9.499999999999999556e-01
4.169999999999999041e+00 8.834599733352661133e+00 1.000000000000000000e+01 1.200000000000000000e+01 9.499999999999999556e-01
4.213999999999998636e+00 8.834599733352661133e+00 1.100000000000000000e+01 3.400000000000000000e+01 9.499999999999999556e-01
4.242999999999999439e+00 8.834599733352661133e+00 1.200000000000000000e+01 2.800000000000000000e+01 9.499999999999999556e-01
4.347999999999999865e+00 8.834599733352661133e+00 1.300000000000000000e+01 5.900000000000000000e+01 9.499999999999999556e-01
4.480999999999999872e+00 8.834599733352661133e+00 1.400000000000000000e+01 9.500000000000000000e+01 9.499999999999999556e-01
4.620999999999999552e+00 8.834599733352661133e+00 1.500000000000000000e+01 5.800000000000000000e+01 9.499999999999999556e-01
4.698999999999999844e+00 8.834599733352661133e+00 1.600000000000000000e+01 2.400000000000000000e+01 9.499999999999999556e-01
4.810999999999999055e+00 8.834599733352661133e+00 1.700000000000000000e+01 6.600000000000000000e+01 9.499999999999999556e-01
4.855999999999998984e+00 8.834599733352661133e+00 1.800000000000000000e+01 5.100000000000000000e+01 9.499999999999999556e-01
4.864999999999998437e+00 8.834599733352661133e+00 1.900000000000000000e+01 8.100000000000000000e+01 9.499999999999999556e-01
5.083999999999998742e+00 8.834599733352661133e+00 2.000000000000000000e+01 5.400000000000000000e+01 9.499999999999999556e-01
5.128999999999998671e+00 8.834599733352661133e+00 2.100000000000000000e+01 4.000000000000000000e+01 9.499999999999999556e-01
5.238999999999998103e+00 8.834599733352661133e+00 2.200000000000000000e+01 9.000000000000000000e+00 9.499999999999999556e-01
6.102999999999999758e+00 8.834599733352661133e+00 2.300000000000000000e+01 8.600000000000000000e+01 9.499999999999999556e-01
6.203999999999999737e+00 8.834599733352661133e+00 2.400000000000000000e+01 7.200000000000000000e+01 9.499999999999999556e-01
6.426999999999998714e+00 8.834599733352661133e+00 2.500000000000000000e+01 5.900000000000000000e+01 9.499999999999999556e-01
6.739999999999999325e+00 8.834599733352661133e+00 2.600000000000000000e+01 7.100000000000000000e+01 9.499999999999999556e-01
7.044000000000001371e+00 8.834599733352661133e+00 2.700000000000000000e+01 6.400000000000000000e+01 9.499999999999999556e-01
7.110000000000002096e+00 8.834599733352661133e+00 2.800000000000000000e+01 9.200000000000000000e+01 9.499999999999999556e-01
7.714000000000001300e+00 8.834599733352661133e+00 2.900000000000000000e+01 3.100000000000000000e+01 9.499999999999999556e-01
8.043000000000001037e+00 8.834599733352661133e+00 3.000000000000000000e+01 2.100000000000000000e+01 9.499999999999999556e-01
8.845999999999987651e+00 8.834599733352661133e+00 3.100000000000000000e+01 0.000000000000000000e+00 9.499999999999999556e-01
1.443999999999999950e+00 8.858201980590820312e+00 0.000000000000000000e+00 0.000000000000000000e+00 1.000000000000000000e+00
1.443999999999999950e+00 8.858201980590820312e+00 1.000000000000000000e+00 6.000000000000000000e+00 1.000000000000000000e+00
1.490999999999999881e+00 8.858201980590820312e+00 2.000000000000000000e+00 6.000000000000000000e+00 1.000000000000000000e+00
1.784999999999999698e+00 8.858201980590820312e+00 3.000000000000000000e+00 0.000000000000000000e+00 1.000000000000000000e+00
1.784999999999999698e+00 8.858201980590820312e+00 4.000000000000000000e+00 0.000000000000000000e+00 1.000000000000000000e+00
2.238999999999999435e+00 8.858201980590820312e+00 5.000000000000000000e+00 1.200000000000000000e+01 1.000000000000000000e+00
2.312999999999999279e+00 8.858201980590820312e+00 6.000000000000000000e+00 9.000000000000000000e+00 1.000000000000000000e+00
2.581999999999998519e+00 8.858201980590820312e+00 7.000000000000000000e+00 2.000000000000000000e+01 1.000000000000000000e+00
2.704999999999998295e+00 8.858201980590820312e+00 8.000000000000000000e+00 1.300000000000000000e+01 1.000000000000000000e+00
2.934999999999998277e+00 8.858201980590820312e+00 9.000000000000000000e+00 0.000000000000000000e+00 1.000000000000000000e+00
4.190999999999998060e+00 8.858201980590820312e+00 1.000000000000000000e+01 1.000000000000000000e+01 1.000000000000000000e+00
4.190999999999998060e+00 8.858201980590820312e+00 1.100000000000000000e+01 2.600000000000000000e+01 1.000000000000000000e+00
4.227999999999997982e+00 8.858201980590820312e+00 1.200000000000000000e+01 2.400000000000000000e+01 1.000000000000000000e+00
4.344999999999997975e+00 8.858201980590820312e+00 1.300000000000000000e+01 5.400000000000000000e+01 1.000000000000000000e+00
4.481999999999999318e+00 8.858201980590820312e+00 1.400000000000000000e+01 8.700000000000000000e+01 1.000000000000000000e+00
4.660000000000000142e+00 8.858201980590820312e+00 1.500000000000000000e+01 1.200000000000000000e+01 1.000000000000000000e+00
4.600999999999999091e+00 8.858201980590820312e+00 1.600000000000000000e+01 5.600000000000000000e+01 1.000000000000000000e+00
4.799999999999998046e+00 8.858201980590820312e+00 1.700000000000000000e+01 6.000000000000000000e+01 1.000000000000000000e+00
4.848999999999998423e+00 8.858201980590820312e+00 1.800000000000000000e+01 4.200000000000000000e+01 1.000000000000000000e+00
4.823999999999998067e+00 8.858201980590820312e+00 1.900000000000000000e+01 6.600000000000000000e+01 1.000000000000000000e+00
5.155999999999999694e+00 8.858201980590820312e+00 2.000000000000000000e+01 5.400000000000000000e+01 1.000000000000000000e+00
5.111999999999999211e+00 8.858201980590820312e+00 2.100000000000000000e+01 3.900000000000000000e+01 1.000000000000000000e+00
5.194999999999998508e+00 8.858201980590820312e+00 2.200000000000000000e+01 7.000000000000000000e+00 1.000000000000000000e+00
6.053999999999995829e+00 8.858201980590820312e+00 2.300000000000000000e+01 8.200000000000000000e+01 1.000000000000000000e+00
6.159999999999996589e+00 8.858201980590820312e+00 2.400000000000000000e+01 7.000000000000000000e+01 1.000000000000000000e+00
6.414999999999994706e+00 8.858201980590820312e+00 2.500000000000000000e+01 5.500000000000000000e+01 1.000000000000000000e+00
6.759999999999993570e+00 8.858201980590820312e+00 2.600000000000000000e+01 7.900000000000000000e+01 1.000000000000000000e+00
6.982999999999993435e+00 8.858201980590820312e+00 2.700000000000000000e+01 6.400000000000000000e+01 1.000000000000000000e+00
7.098999999999994870e+00 8.858201980590820312e+00 2.800000000000000000e+01 9.700000000000000000e+01 1.000000000000000000e+00
7.716999999999992532e+00 8.858201980590820312e+00 2.900000000000000000e+01 3.700000000000000000e+01 1.000000000000000000e+00
8.014999999999991687e+00 8.858201980590820312e+00 3.000000000000000000e+01 2.000000000000000000e+01 1.000000000000000000e+00
8.861999999999985889e+00 8.858201980590820312e+00 3.100000000000000000e+01 0.000000000000000000e+00 1.000000000000000000e+00
1.450000000000000178e+00 8.883941411972045898e+00 0.000000000000000000e+00 0.000000000000000000e+00 1.050000000000000044e+00
1.450000000000000178e+00 8.883941411972045898e+00 1.000000000000000000e+00 5.000000000000000000e+00 1.050000000000000044e+00
1.503000000000000114e+00 8.883941411972045898e+00 2.000000000000000000e+00 5.000000000000000000e+00 1.050000000000000044e+00
1.764999999999999902e+00 8.883941411972045898e+00 3.000000000000000000e+00 0.000000000000000000e+00 1.050000000000000044e+00
1.764999999999999902e+00 8.883941411972045898e+00 4.000000000000000000e+00 0.000000000000000000e+00 1.050000000000000044e+00
2.249999999999999556e+00 8.883941411972045898e+00 5.000000000000000000e+00 1.200000000000000000e+01 1.050000000000000044e+00
2.330999999999999517e+00 8.883941411972045898e+00 6.000000000000000000e+00 9.000000000000000000e+00 1.050000000000000044e+00
2.608999999999999098e+00 8.883941411972045898e+00 7.000000000000000000e+00 2.200000000000000000e+01 1.050000000000000044e+00
2.695999999999999286e+00 8.883941411972045898e+00 8.000000000000000000e+00 1.400000000000000000e+01 1.050000000000000044e+00
2.951999999999999513e+00 8.883941411972045898e+00 9.000000000000000000e+00 0.000000000000000000e+00 1.050000000000000044e+00
4.208999999999999631e+00 8.883941411972045898e+00 1.000000000000000000e+01 1.200000000000000000e+01 1.050000000000000044e+00
4.208999999999999631e+00 8.883941411972045898e+00 1.100000000000000000e+01 3.200000000000000000e+01 1.050000000000000044e+00
4.257000000000000561e+00 8.883941411972045898e+00 1.200000000000000000e+01 3.000000000000000000e+01 1.050000000000000044e+00
4.365999999999999659e+00 8.883941411972045898e+00 1.300000000000000000e+01 6.800000000000000000e+01 1.050000000000000044e+00
4.513000000000000789e+00 8.883941411972045898e+00 1.400000000000000000e+01 1.090000000000000000e+02 1.050000000000000044e+00
4.631000000000000227e+00 8.883941411972045898e+00 1.500000000000000000e+01 6.400000000000000000e+01 1.050000000000000044e+00
4.717999999999999972e+00 8.883941411972045898e+00 1.600000000000000000e+01 2.600000000000000000e+01 1.050000000000000044e+00
4.830999999999999517e+00 8.883941411972045898e+00 1.700000000000000000e+01 7.700000000000000000e+01 1.050000000000000044e+00
4.875000000000000000e+00 8.883941411972045898e+00 1.800000000000000000e+01 5.900000000000000000e+01 1.050000000000000044e+00
4.882000000000000561e+00 8.883941411972045898e+00 1.900000000000000000e+01 8.600000000000000000e+01 1.050000000000000044e+00
5.078000000000002068e+00 8.883941411972045898e+00 2.000000000000000000e+01 5.200000000000000000e+01 1.050000000000000044e+00
5.154000000000002579e+00 8.883941411972045898e+00 2.100000000000000000e+01 3.900000000000000000e+01 1.050000000000000044e+00
5.270000000000002238e+00 8.883941411972045898e+00 2.200000000000000000e+01 7.000000000000000000e+00 1.050000000000000044e+00
6.121999999999999886e+00 8.883941411972045898e+00 2.300000000000000000e+01 9.600000000000000000e+01 1.050000000000000044e+00
6.334999999999999076e+00 8.883941411972045898e+00 2.400000000000000000e+01 1.040000000000000000e+02 1.050000000000000044e+00
6.478999999999998316e+00 8.883941411972045898e+00 2.500000000000000000e+01 6.600000000000000000e+01 1.050000000000000044e+00
6.844999999999997087e+00 8.883941411972045898e+00 2.600000000000000000e+01 9.500000000000000000e+01 1.050000000000000044e+00
7.197999999999997733e+00 8.883941411972045898e+00 2.700000000000000000e+01 1.050000000000000000e+02 1.050000000000000044e+00
7.572999999999996845e+00 8.883941411972045898e+00 2.800000000000000000e+01 1.090000000000000000e+02 1.050000000000000044e+00
8.094999999999997087e+00 8.883941411972045898e+00 2.900000000000000000e+01 6.900000000000000000e+01 1.050000000000000044e+00
8.138999999999995794e+00 8.883941411972045898e+00 3.000000000000000000e+01 2.200000000000000000e+01 1.050000000000000044e+00
8.844999999999997087e+00 8.883941411972045898e+00 3.100000000000000000e+01 0.000000000000000000e+00 1.050000000000000044e+00
1.478999999999999870e+00 8.890812158584594727e+00 0.000000000000000000e+00 0.000000000000000000e+00 1.100000000000000089e+00
1.478999999999999870e+00 8.890812158584594727e+00 1.000000000000000000e+00 7.000000000000000000e+00 1.100000000000000089e+00
1.529999999999999805e+00 8.890812158584594727e+00 2.000000000000000000e+00 6.000000000000000000e+00 1.100000000000000089e+00
1.788999999999999702e+00 8.890812158584594727e+00 3.000000000000000000e+00 0.000000000000000000e+00 1.100000000000000089e+00
1.788999999999999702e+00 8.890812158584594727e+00 4.000000000000000000e+00 0.000000000000000000e+00 1.100000000000000089e+00
2.231999999999999318e+00 8.890812158584594727e+00 5.000000000000000000e+00 1.000000000000000000e+01 1.100000000000000089e+00
2.308999999999999275e+00 8.890812158584594727e+00 6.000000000000000000e+00 6.000000000000000000e+00 1.100000000000000089e+00
2.562999999999999279e+00 8.890812158584594727e+00 7.000000000000000000e+00 1.800000000000000000e+01 1.100000000000000089e+00
2.717999999999999527e+00 8.890812158584594727e+00 8.000000000000000000e+00 1.200000000000000000e+01 1.100000000000000089e+00
2.934999999999999165e+00 8.890812158584594727e+00 9.000000000000000000e+00 0.000000000000000000e+00 1.100000000000000089e+00
4.198999999999997179e+00 8.890812158584594727e+00 1.000000000000000000e+01 1.200000000000000000e+01 1.100000000000000089e+00
4.228999999999997428e+00 8.890812158584594727e+00 1.100000000000000000e+01 3.200000000000000000e+01 1.100000000000000089e+00
4.290999999999997705e+00 8.890812158584594727e+00 1.200000000000000000e+01 3.100000000000000000e+01 1.100000000000000089e+00
4.350999999999998202e+00 8.890812158584594727e+00 1.300000000000000000e+01 6.800000000000000000e+01 1.100000000000000089e+00
4.505999999999997563e+00 8.890812158584594727e+00 1.400000000000000000e+01 9.800000000000000000e+01 1.100000000000000089e+00
4.674999999999996270e+00 8.890812158584594727e+00 1.500000000000000000e+01 1.100000000000000000e+01 1.100000000000000089e+00
4.603999999999996540e+00 8.890812158584594727e+00 1.600000000000000000e+01 5.600000000000000000e+01 1.100000000000000089e+00
4.868999999999995332e+00 8.890812158584594727e+00 1.700000000000000000e+01 4.400000000000000000e+01 1.100000000000000089e+00
4.845999999999995644e+00 8.890812158584594727e+00 1.800000000000000000e+01 6.700000000000000000e+01 1.100000000000000089e+00
4.878999999999995119e+00 8.890812158584594727e+00 1.900000000000000000e+01 8.100000000000000000e+01 1.100000000000000089e+00
5.090999999999994863e+00 8.890812158584594727e+00 2.000000000000000000e+01 4.700000000000000000e+01 1.100000000000000089e+00
5.168999999999994266e+00 8.890812158584594727e+00 2.100000000000000000e+01 3.700000000000000000e+01 1.100000000000000089e+00
5.240999999999993442e+00 8.890812158584594727e+00 2.200000000000000000e+01 6.000000000000000000e+00 1.100000000000000089e+00
6.124999999999993783e+00 8.890812158584594727e+00 2.300000000000000000e+01 9.200000000000000000e+01 1.100000000000000089e+00
6.336999999999991751e+00 8.890812158584594727e+00 2.400000000000000000e+01 1.050000000000000000e+02 1.100000000000000089e+00
6.484999999999992326e+00 8.890812158584594727e+00 2.500000000000000000e+01 6.300000000000000000e+01 1.100000000000000089e+00
6.872999999999993115e+00 8.890812158584594727e+00 2.600000000000000000e+01 9.600000000000000000e+01 1.100000000000000089e+00
7.184999999999990727e+00 8.890812158584594727e+00 2.700000000000000000e+01 1.050000000000000000e+02 1.100000000000000089e+00
7.603999999999988546e+00 8.890812158584594727e+00 2.800000000000000000e+01 1.100000000000000000e+02 1.100000000000000089e+00
8.133999999999989683e+00 8.890812158584594727e+00 2.900000000000000000e+01 2.000000000000000000e+01 1.100000000000000089e+00
8.146999999999989583e+00 8.890812158584594727e+00 3.000000000000000000e+01 7.200000000000000000e+01 1.100000000000000089e+00
8.877999999999987679e+00 8.890812158584594727e+00 3.100000000000000000e+01 0.000000000000000000e+00 1.100000000000000089e+00
1.471000000000000085e+00 8.917642831802368164e+00 0.000000000000000000e+00 0.000000000000000000e+00 1.149999999999999911e+00
1.471000000000000085e+00 8.917642831802368164e+00 1.000000000000000000e+00 7.000000000000000000e+00 1.149999999999999911e+00
1.520000000000000018e+00 8.917642831802368164e+00 2.000000000000000000e+00 7.000000000000000000e+00 1.149999999999999911e+00
1.787999999999999812e+00 8.917642831802368164e+00 3.000000000000000000e+00 0.000000000000000000e+00 1.149999999999999911e+00
1.787999999999999812e+00 8.917642831802368164e+00 4.000000000000000000e+00 0.000000000000000000e+00 1.149999999999999911e+00
2.273999999999999133e+00 8.917642831802368164e+00 5.000000000000000000e+00 1.400000000000000000e+01 1.149999999999999911e+00
2.315999999999998948e+00 8.917642831802368164e+00 6.000000000000000000e+00 8.000000000000000000e+00 1.149999999999999911e+00
2.608999999999999098e+00 8.917642831802368164e+00 7.000000000000000000e+00 2.100000000000000000e+01 1.149999999999999911e+00
2.691999999999998838e+00 8.917642831802368164e+00 8.000000000000000000e+00 1.300000000000000000e+01 1.149999999999999911e+00
2.938999999999998280e+00 8.917642831802368164e+00 9.000000000000000000e+00 0.000000000000000000e+00 1.149999999999999911e+00
4.185999999999997279e+00 8.917642831802368164e+00 1.000000000000000000e+01 8.000000000000000000e+00 1.149999999999999911e+00
4.185999999999997279e+00 8.917642831802368164e+00 1.100000000000000000e+01 2.000000000000000000e+01 1.149999999999999911e+00
4.297999999999998266e+00 8.917642831802368164e+00 1.200000000000000000e+01 2.300000000000000000e+01 1.149999999999999911e+00
4.341999999999997861e+00 8.917642831802368164e+00 1.300000000000000000e+01 6.500000000000000000e+01 1.149999999999999911e+00
4.512999999999997236e+00 8.917642831802368164e+00 1.400000000000000000e+01 9.000000000000000000e+01 1.149999999999999911e+00
4.605999999999997208e+00 8.917642831802368164e+00 1.500000000000000000e+01 5.400000000000000000e+01 1.149999999999999911e+00
4.710999999999996746e+00 8.917642831802368164e+00 1.600000000000000000e+01 1.800000000000000000e+01 1.149999999999999911e+00
4.874999999999997335e+00 8.917642831802368164e+00 1.700000000000000000e+01 5.100000000000000000e+01 1.149999999999999911e+00
4.844999999999997087e+00 8.917642831802368164e+00 1.800000000000000000e+01 6.300000000000000000e+01 1.149999999999999911e+00
4.893999999999996575e+00 8.917642831802368164e+00 1.900000000000000000e+01 6.900000000000000000e+01 1.149999999999999911e+00
5.093999999999994976e+00 8.917642831802368164e+00 2.000000000000000000e+01 3.900000000000000000e+01 1.149999999999999911e+00
5.191999999999994841e+00 8.917642831802368164e+00 2.100000000000000000e+01 3.300000000000000000e+01 1.149999999999999911e+00
5.246999999999994557e+00 8.917642831802368164e+00 2.200000000000000000e+01 8.000000000000000000e+00 1.149999999999999911e+00
6.132999999999991125e+00 8.917642831802368164e+00 2.300000000000000000e+01 8.200000000000000000e+01 1.149999999999999911e+00
6.344999999999990870e+00 8.917642831802368164e+00 2.400000000000000000e+01 1.380000000000000000e+02 1.149999999999999911e+00
6.482999999999990770e+00 8.917642831802368164e+00 2.500000000000000000e+01 6.100000000000000000e+01 1.149999999999999911e+00
6.867999999999989669e+00 8.917642831802368164e+00 2.600000000000000000e+01 1.180000000000000000e+02 1.149999999999999911e+00
7.199999999999990408e+00 8.917642831802368164e+00 2.700000000000000000e+01 1.010000000000000000e+02 1.149999999999999911e+00
7.754999999999989235e+00 8.917642831802368164e+00 2.800000000000000000e+01 1.180000000000000000e+02 1.149999999999999911e+00
8.141999999999987025e+00 8.917642831802368164e+00 2.900000000000000000e+01 1.600000000000000000e+01 1.149999999999999911e+00
8.131999999999990791e+00 8.917642831802368164e+00 3.000000000000000000e+01 7.900000000000000000e+01 1.149999999999999911e+00
8.887999999999982137e+00 8.917642831802368164e+00 3.100000000000000000e+01 0.000000000000000000e+00 1.149999999999999911e+00
1.457000000000000295e+00 8.904761552810668945e+00 0.000000000000000000e+00 0.000000000000000000e+00 1.199999999999999956e+00
1.457000000000000295e+00 8.904761552810668945e+00 1.000000000000000000e+00 5.000000000000000000e+00 1.199999999999999956e+00
1.514000000000000234e+00 8.904761552810668945e+00 2.000000000000000000e+00 5.000000000000000000e+00 1.199999999999999956e+00
1.766000000000000236e+00 8.904761552810668945e+00 3.000000000000000000e+00 0.000000000000000000e+00 1.199999999999999956e+00
1.766000000000000236e+00 8.904761552810668945e+00 4.000000000000000000e+00 0.000000000000000000e+00 1.199999999999999956e+00
2.241000000000000103e+00 8.904761552810668945e+00 5.000000000000000000e+00 1.100000000000000000e+01 1.199999999999999956e+00
2.290000000000000036e+00 8.904761552810668945e+00 6.000000000000000000e+00 6.000000000000000000e+00 1.199999999999999956e+00
2.568999999999999950e+00 8.904761552810668945e+00 7.000000000000000000e+00 1.900000000000000000e+01 1.199999999999999956e+00
2.705999999999999517e+00 8.904761552810668945e+00 8.000000000000000000e+00 1.100000000000000000e+01 1.199999999999999956e+00
2.948999999999998956e+00 8.904761552810668945e+00 9.000000000000000000e+00 0.000000000000000000e+00 1.199999999999999956e+00
4.206999999999997186e+00 8.904761552810668945e+00 1.000000000000000000e+01 1.300000000000000000e+01 1.199999999999999956e+00
4.206999999999997186e+00 8.904761552810668945e+00 1.100000000000000000e+01 3.100000000000000000e+01 1.199999999999999956e+00
4.302999999999997272e+00 8.904761552810668945e+00 1.200000000000000000e+01 3.300000000000000000e+01 1.199999999999999956e+00
4.328999999999997961e+00 8.904761552810668945e+00 1.300000000000000000e+01 6.700000000000000000e+01 1.199999999999999956e+00
4.509999999999997122e+00 8.904761552810668945e+00 1.400000000000000000e+01 1.080000000000000000e+02 1.199999999999999956e+00
4.664999999999997371e+00 8.904761552810668945e+00 1.500000000000000000e+01 1.800000000000000000e+01 1.199999999999999956e+00
4.619999999999996554e+00 8.904761552810668945e+00 1.600000000000000000e+01 6.600000000000000000e+01 1.199999999999999956e+00
4.850999999999995538e+00 8.904761552810668945e+00 1.700000000000000000e+01 5.100000000000000000e+01 1.199999999999999956e+00
4.839999999999995417e+00 8.904761552810668945e+00 1.800000000000000000e+01 7.800000000000000000e+01 1.199999999999999956e+00
4.858999999999996433e+00 8.904761552810668945e+00 1.900000000000000000e+01 8.700000000000000000e+01 1.199999999999999956e+00
5.128999999999996895e+00 8.904761552810668945e+00 2.000000000000000000e+01 5.500000000000000000e+01 1.199999999999999956e+00
5.158999999999998032e+00 8.904761552810668945e+00 2.100000000000000000e+01 4.300000000000000000e+01 1.199999999999999956e+00
5.286999999999994593e+00 8.904761552810668945e+00 2.200000000000000000e+01 5.000000000000000000e+00 1.199999999999999956e+00
6.087999999999996525e+00 8.904761552810668945e+00 2.300000000000000000e+01 1.010000000000000000e+02 1.199999999999999956e+00
6.413999999999997037e+00 8.904761552810668945e+00 2.400000000000000000e+01 1.710000000000000000e+02 1.199999999999999956e+00
6.506999999999997897e+00 8.904761552810668945e+00 2.500000000000000000e+01 6.500000000000000000e+01 1.199999999999999956e+00
6.899999999999998579e+00 8.904761552810668945e+00 2.600000000000000000e+01 1.640000000000000000e+02 1.199999999999999956e+00
7.198999999999998956e+00 8.904761552810668945e+00 2.700000000000000000e+01 1.090000000000000000e+02 1.199999999999999956e+00
7.993999999999999773e+00 8.904761552810668945e+00 2.800000000000000000e+01 1.210000000000000000e+02 1.199999999999999956e+00
8.154999999999997584e+00 8.904761552810668945e+00 2.900000000000000000e+01 2.000000000000000000e+01 1.199999999999999956e+00
8.115999999999999659e+00 8.904761552810668945e+00 3.000000000000000000e+01 8.000000000000000000e+01 1.199999999999999956e+00
8.878999999999987125e+00 8.904761552810668945e+00 3.100000000000000000e+01 0.000000000000000000e+00 1.199999999999999956e+00
1.446999999999999842e+00 8.926446914672851562e+00 0.000000000000000000e+00 0.000000000000000000e+00 1.250000000000000000e+00
1.446999999999999842e+00 8.926446914672851562e+00 1.000000000000000000e+00 5.000000000000000000e+00 1.250000000000000000e+00
1.497999999999999776e+00 8.926446914672851562e+00 2.000000000000000000e+00 6.000000000000000000e+00 1.250000000000000000e+00
1.818999999999999728e+00 8.926446914672851562e+00 3.000000000000000000e+00 0.000000000000000000e+00 1.250000000000000000e+00
1.818999999999999728e+00 8.926446914672851562e+00 4.000000000000000000e+00 0.000000000000000000e+00 1.250000000000000000e+00
2.279999999999999361e+00 8.926446914672851562e+00 5.000000000000000000e+00 1.000000000000000000e+01 1.250000000000000000e+00
2.320999999999999286e+00 8.926446914672851562e+00 6.000000000000000000e+00 5.000000000000000000e+00 1.250000000000000000e+00
2.602999999999998870e+00 8.926446914672851562e+00 7.000000000000000000e+00 1.900000000000000000e+01 1.250000000000000000e+00
2.704999999999998295e+00 8.926446914672851562e+00 8.000000000000000000e+00 1.100000000000000000e+01 1.250000000000000000e+00
2.961999999999997968e+00 8.926446914672851562e+00 9.000000000000000000e+00 0.000000000000000000e+00 1.250000000000000000e+00
4.203999999999996184e+00 8.926446914672851562e+00 1.000000000000000000e+01 2.700000000000000000e+01 1.250000000000000000e+00
4.234999999999995879e+00 8.926446914672851562e+00 1.100000000000000000e+01 1.200000000000000000e+01 1.250000000000000000e+00
4.298999999999995936e+00 8.926446914672851562e+00 1.200000000000000000e+01 3.000000000000000000e+01 1.250000000000000000e+00
4.329999999999995630e+00 8.926446914672851562e+00 1.300000000000000000e+01 6.900000000000000000e+01 1.250000000000000000e+00
4.532999999999995921e+00 8.926446914672851562e+00 1.400000000000000000e+01 9.900000000000000000e+01 1.250000000000000000e+00
4.668999999999995154e+00 8.926446914672851562e+00 1.500000000000000000e+01 1.700000000000000000e+01 1.250000000000000000e+00
4.651999999999995694e+00 8.926446914672851562e+00 1.600000000000000000e+01 6.300000000000000000e+01 1.250000000000000000e+00
4.858999999999993769e+00 8.926446914672851562e+00 1.700000000000000000e+01 5.300000000000000000e+01 1.250000000000000000e+00
4.867999999999993221e+00 8.926446914672851562e+00 1.800000000000000000e+01 7.800000000000000000e+01 1.250000000000000000e+00
4.893999999999993022e+00 8.926446914672851562e+00 1.900000000000000000e+01 8.100000000000000000e+01 1.250000000000000000e+00
5.144999999999991580e+00 8.926446914672851562e+00 2.000000000000000000e+01 5.400000000000000000e+01 1.250000000000000000e+00
5.191999999999991289e+00 8.926446914672851562e+00 2.100000000000000000e+01 4.100000000000000000e+01 1.250000000000000000e+00
5.322999999999992404e+00 8.926446914672851562e+00 2.200000000000000000e+01 7.000000000000000000e+00 1.250000000000000000e+00
6.112999999999996881e+00 8.926446914672851562e+00 2.300000000000000000e+01 1.000000000000000000e+02 1.250000000000000000e+00
6.535999999999994259e+00 8.926446914672851562e+00 2.400000000000000000e+01 6.200000000000000000e+01 1.250000000000000000e+00
6.572999999999994181e+00 8.926446914672851562e+00 2.500000000000000000e+01 9.000000000000000000e+01 1.250000000000000000e+00
6.556999999999995055e+00 8.926446914672851562e+00 2.600000000000000000e+01 1.860000000000000000e+02 1.250000000000000000e+00
7.057999999999993612e+00 8.926446914672851562e+00 2.700000000000000000e+01 1.830000000000000000e+02 1.250000000000000000e+00
7.212999999999993861e+00 8.926446914672851562e+00 2.800000000000000000e+01 1.070000000000000000e+02 1.250000000000000000e+00
7.962999999999992085e+00 8.926446914672851562e+00 2.900000000000000000e+01 5.100000000000000000e+01 1.250000000000000000e+00
8.167999999999993932e+00 8.926446914672851562e+00 3.000000000000000000e+01 2.000000000000000000e+01 1.250000000000000000e+00
8.901999999999992141e+00 8.926446914672851562e+00 3.100000000000000000e+01 0.000000000000000000e+00 1.250000000000000000e+00
