1.433000000000000052e+00 8.857086658477783203e+00 0.000000000000000000e+00 6.000000000000000000e+00 7.500000000000000000e-01
1.479000000000000092e+00 8.857086658477783203e+00 1.000000000000000000e+00 0.000000000000000000e+00 7.500000000000000000e-01
1.479000000000000092e+00 8.857086658477783203e+00 2.000000000000000000e+00 7.000000000000000000e+00 7.500000000000000000e-01
1.755999999999999783e+00 8.857086658477783203e+00 3.000000000000000000e+00 0.000000000000000000e+00 7.500000000000000000e-01
1.755999999999999783e+00 8.857086658477783203e+00 4.000000000000000000e+00 0.000000000000000000e+00 7.500000000000000000e-01
2.271999999999999797e+00 8.857086658477783203e+00 5.000000000000000000e+00 1.400000000000000000e+01 7.500000000000000000e-01
2.318999999999999950e+00 8.857086658477783203e+00 6.000000000000000000e+00 6.000000000000000000e+00 7.500000000000000000e-01
2.573000000000000398e+00 8.857086658477783203e+00 7.000000000000000000e+00 2.100000000000000000e+01 7.500000000000000000e-01
2.680000000000000604e+00 8.857086658477783203e+00 8.000000000000000000e+00 9.000000000000000000e+00 7.500000000000000000e-01
2.954000000000000625e+00 8.857086658477783203e+00 9.000000000000000000e+00 0.000000000000000000e+00 7.500000000000000000e-01
4.144999999999999574e+00 8.857086658477783203e+00 1.000000000000000000e+01 1.900000000000000000e+01 7.500000000000000000e-01
4.215999999999999304e+00 8.857086658477783203e+00 1.100000000000000000e+01 1.100000000000000000e+01 7.500000000000000000e-01
4.215999999999999304e+00 8.857086658477783203e+00 1.200000000000000000e+01 3.500000000000000000e+01 7.500000000000000000e-01
4.295999999999999375e+00 8.857086658477783203e+00 1.300000000000000000e+01 7.600000000000000000e+01 7.500000000000000000e-01
4.488999999999998991e+00 8.857086658477783203e+00 1.400000000000000000e+01 1.130000000000000000e+02 7.500000000000000000e-01
4.679999999999997939e+00 8.857086658477783203e+00 1.500000000000000000e+01 2.600000000000000000e+01 7.500000000000000000e-01
4.621999999999998110e+00 8.857086658477783203e+00 1.600000000000000000e+01 7.100000000000000000e+01 7.500000000000000000e-01
4.805999999999997385e+00 8.857086658477783203e+00 1.700000000000000000e+01 7.100000000000000000e+01 7.500000000000000000e-01
4.806999999999997719e+00 8.857086658477783203e+00 1.800000000000000000e+01 1.030000000000000000e+02 7.500000000000000000e-01
4.824999999999997513e+00 8.857086658477783203e+00 1.900000000000000000e+01 1.220000000000000000e+02 7.500000000000000000e-01
5.063999999999996504e+00 8.857086658477783203e+00 2.000000000000000000e+01 5.900000000000000000e+01 7.500000000000000000e-01
5.178999999999996717e+00 8.857086658477783203e+00 2.100000000000000000e+01 5.500000000000000000e+01 7.500000000000000000e-01
5.174999999999996270e+00 8.857086658477783203e+00 2.200000000000000000e+01 1.200000000000000000e+01 7.500000000000000000e-01
5.981999999999998430e+00 8.857086658477783203e+00 2.300000000000000000e+01 9.800000000000000000e+01 7.500000000000000000e-01
6.174000000000000377e+00 8.857086658477783203e+00 2.400000000000000000e+01 1.570000000000000000e+02 7.500000000000000000e-01
6.302999999999998160e+00 8.857086658477783203e+00 2.500000000000000000e+01 7.100000000000000000e+01 7.500000000000000000e-01
6.684999999999998721e+00 8.857086658477783203e+00 2.600000000000000000e+01 1.410000000000000000e+02 7.500000000000000000e-01
6.915999999999998593e+00 8.857086658477783203e+00 2.700000000000000000e+01 6.900000000000000000e+01 7.500000000000000000e-01
7.127999999999998337e+00 8.857086658477783203e+00 2.800000000000000000e+01 8.900000000000000000e+01 7.500000000000000000e-01
7.615000000000002878e+00 8.857086658477783203e+00 2.900000000000000000e+01 0.000000000000000000e+00 7.500000000000000000e-01
7.627000000000002444e+00 8.857086658477783203e+00 3.000000000000000000e+01 4.600000000000000000e+01 7.500000000000000000e-01
8.829999999999992966e+00 8.857086658477783203e+00 3.100000000000000000e+01 0.000000000000000000e+00 7.500000000000000000e-01
1.466999999999999860e+00 8.855677127838134766e+00 0.000000000000000000e+00 0.000000000000000000e+00 8.000000000000000444e-01
1.466999999999999860e+00 8.855677127838134766e+00 1.000000000000000000e+00 6.000000000000000000e+00 8.000000000000000444e-01
1.509999999999999787e+00 8.855677127838134766e+00 2.000000000000000000e+00 6.000000000000000000e+00 8.000000000000000444e-01
1.785999999999999810e+00 8.855677127838134766e+00 3.000000000000000000e+00 0.000000000000000000e+00 8.000000000000000444e-01
1.785999999999999810e+00 8.855677127838134766e+00 4.000000000000000000e+00 0.000000000000000000e+00 8.000000000000000444e-01
2.287999999999999368e+00 8.855677127838134766e+00 5.000000000000000000e+00 1.600000000000000000e+01 8.000000000000000444e-01
2.324999999999999289e+00 8.855677127838134766e+00 6.000000000000000000e+00 9.000000000000000000e+00 8.000000000000000444e-01
2.587999999999999190e+00 8.855677127838134766e+00 7.000000000000000000e+00 2.400000000000000000e+01 8.000000000000000444e-01
2.681999999999999051e+00 8.855677127838134766e+00 8.000000000000000000e+00 1.300000000000000000e+01 8.000000000000000444e-01
2.949999999999998845e+00 8.855677127838134766e+00 9.000000000000000000e+00 0.000000000000000000e+00 8.000000000000000444e-01
4.228999999999997428e+00 8.855677127838134766e+00 1.000000000000000000e+01 1.200000000000000000e+01 8.000000000000000444e-01
4.196999999999997399e+00 8.855677127838134766e+00 1.100000000000000000e+01 2.400000000000000000e+01 8.000000000000000444e-01
4.228999999999997428e+00 8.855677127838134766e+00 1.200000000000000000e+01 3.700000000000000000e+01 8.000000000000000444e-01
4.359999999999999432e+00 8.855677127838134766e+00 1.300000000000000000e+01 8.200000000000000000e+01 8.000000000000000444e-01
4.511999999999998678e+00 8.855677127838134766e+00 1.400000000000000000e+01 1.290000000000000000e+02 8.000000000000000444e-01
4.612000000000000099e+00 8.855677127838134766e+00 1.500000000000000000e+01 7.400000000000000000e+01 8.000000000000000444e-01
4.727999999999998870e+00 8.855677127838134766e+00 1.600000000000000000e+01 2.900000000000000000e+01 8.000000000000000444e-01
4.857999999999998764e+00 8.855677127838134766e+00 1.700000000000000000e+01 8.100000000000000000e+01 8.000000000000000444e-01
4.814999999999998614e+00 8.855677127838134766e+00 1.800000000000000000e+01 1.110000000000000000e+02 8.000000000000000444e-01
4.873999999999999666e+00 8.855677127838134766e+00 1.900000000000000000e+01 1.240000000000000000e+02 8.000000000000000444e-01
5.055999999999998273e+00 8.855677127838134766e+00 2.000000000000000000e+01 5.400000000000000000e+01 8.000000000000000444e-01
5.178999999999998494e+00 8.855677127838134766e+00 2.100000000000000000e+01 4.600000000000000000e+01 8.000000000000000444e-01
5.237999999999998657e+00 8.855677127838134766e+00 2.200000000000000000e+01 1.200000000000000000e+01 8.000000000000000444e-01
6.003999999999996007e+00 8.855677127838134766e+00 2.300000000000000000e+01 1.010000000000000000e+02 8.000000000000000444e-01
6.329999999999996518e+00 8.855677127838134766e+00 2.400000000000000000e+01 9.800000000000000000e+01 8.000000000000000444e-01
6.294999999999997264e+00 8.855677127838134766e+00 2.500000000000000000e+01 1.920000000000000000e+02 8.000000000000000444e-01
6.390999999999996461e+00 8.855677127838134766e+00 2.600000000000000000e+01 6.900000000000000000e+01 8.000000000000000444e-01
6.743999999999995332e+00 8.855677127838134766e+00 2.700000000000000000e+01 1.690000000000000000e+02 8.000000000000000444e-01
7.014999999999995239e+00 8.855677127838134766e+00 2.800000000000000000e+01 1.030000000000000000e+02 8.000000000000000444e-01
7.667999999999998373e+00 8.855677127838134766e+00 2.900000000000000000e+01 3.900000000000000000e+01 8.000000000000000444e-01
7.745999999999997776e+00 8.855677127838134766e+00 3.000000000000000000e+01 2.100000000000000000e+01 8.000000000000000444e-01
8.840999999999995751e+00 8.855677127838134766e+00 3.100000000000000000e+01 0.000000000000000000e+00 8.000000000000000444e-01
1.421999999999999931e+00 8.847863197326660156e+00 0.000000000000000000e+00 5.000000000000000000e+00 8.499999999999999778e-01
1.476999999999999869e+00 8.847863197326660156e+00 1.000000000000000000e+00 0.000000000000000000e+00 8.499999999999999778e-01
1.476999999999999869e+00 8.847863197326660156e+00 2.000000000000000000e+00 6.000000000000000000e+00 8.499999999999999778e-01
1.752999999999999670e+00 8.847863197326660156e+00 3.000000000000000000e+00 0.000000000000000000e+00 8.499999999999999778e-01
1.752999999999999670e+00 8.847863197326660156e+00 4.000000000000000000e+00 0.000000000000000000e+00 8.499999999999999778e-01
2.249999999999999556e+00 8.847863197326660156e+00 5.000000000000000000e+00 1.300000000000000000e+01 8.499999999999999778e-01
2.287999999999999368e+00 8.847863197326660156e+00 6.000000000000000000e+00 7.000000000000000000e+00 8.499999999999999778e-01
2.644999999999999130e+00 8.847863197326660156e+00 7.000000000000000000e+00 2.000000000000000000e+01 8.499999999999999778e-01
2.681999999999999051e+00 8.847863197326660156e+00 8.000000000000000000e+00 1.100000000000000000e+01 8.499999999999999778e-01
2.918999999999998263e+00 8.847863197326660156e+00 9.000000000000000000e+00 0.000000000000000000e+00 8.499999999999999778e-01
3.560999999999997279e+00 8.847863197326660156e+00 1.000000000000000000e+01 2.300000000000000000e+01 8.499999999999999778e-01
4.125999999999996781e+00 8.847863197326660156e+00 1.100000000000000000e+01 1.200000000000000000e+01 8.499999999999999778e-01
4.205999999999996852e+00 8.847863197326660156e+00 1.200000000000000000e+01 1.100000000000000000e+01 8.499999999999999778e-01
4.315999999999997172e+00 8.847863197326660156e+00 1.300000000000000000e+01 6.400000000000000000e+01 8.499999999999999778e-01
4.228999999999997428e+00 8.847863197326660156e+00 1.400000000000000000e+01 6.200000000000000000e+01 8.499999999999999778e-01
4.572999999999995957e+00 8.847863197326660156e+00 1.500000000000000000e+01 4.000000000000000000e+01 8.499999999999999778e-01
4.618999999999996220e+00 8.847863197326660156e+00 1.600000000000000000e+01 9.800000000000000000e+01 8.499999999999999778e-01
4.767999999999995353e+00 8.847863197326660156e+00 1.700000000000000000e+01 3.900000000000000000e+01 8.499999999999999778e-01
4.786999999999995481e+00 8.847863197326660156e+00 1.800000000000000000e+01 5.800000000000000000e+01 8.499999999999999778e-01
4.848999999999996646e+00 8.847863197326660156e+00 1.900000000000000000e+01 9.900000000000000000e+01 8.499999999999999778e-01
5.058999999999999275e+00 8.847863197326660156e+00 2.000000000000000000e+01 3.600000000000000000e+01 8.499999999999999778e-01
5.023999999999999133e+00 8.847863197326660156e+00 2.100000000000000000e+01 1.900000000000000000e+01 8.499999999999999778e-01
5.225999999999999091e+00 8.847863197326660156e+00 2.200000000000000000e+01 5.900000000000000000e+01 8.499999999999999778e-01
5.926999999999996938e+00 8.847863197326660156e+00 2.300000000000000000e+01 8.300000000000000000e+01 8.499999999999999778e-01
6.044999999999998153e+00 8.847863197326660156e+00 2.400000000000000000e+01 3.900000000000000000e+01 8.499999999999999778e-01
6.196999999999996511e+00 8.847863197326660156e+00 2.500000000000000000e+01 1.190000000000000000e+02 8.499999999999999778e-01
6.347999999999997200e+00 8.847863197326660156e+00 2.600000000000000000e+01 5.100000000000000000e+01 8.499999999999999778e-01
6.688999999999995616e+00 8.847863197326660156e+00 2.700000000000000000e+01 9.800000000000000000e+01 8.499999999999999778e-01
6.904999999999996696e+00 8.847863197326660156e+00 2.800000000000000000e+01 7.900000000000000000e+01 8.499999999999999778e-01
7.606999999999995765e+00 8.847863197326660156e+00 2.900000000000000000e+01 3.100000000000000000e+01 8.499999999999999778e-01
7.649999999999995914e+00 8.847863197326660156e+00 3.000000000000000000e+01 1.000000000000000000e+01 8.499999999999999778e-01
8.829999999999982307e+00 8.847863197326660156e+00 3.100000000000000000e+01 0.000000000000000000e+00 8.499999999999999778e-01
1.463000000000000078e+00 8.835012197494506836e+00 0.000000000000000000e+00 0.000000000000000000e+00 9.000000000000000222e-01
1.463000000000000078e+00 8.835012197494506836e+00 1.000000000000000000e+00 7.000000000000000000e+00 9.000000000000000222e-01
1.512000000000000011e+00 8.835012197494506836e+00 2.000000000000000000e+00 7.000000000000000000e+00 9.000000000000000222e-01
1.788000000000000034e+00 8.835012197494506836e+00 3.000000000000000000e+00 0.000000000000000000e+00 9.000000000000000222e-01
1.788000000000000034e+00 8.835012197494506836e+00 4.000000000000000000e+00 0.000000000000000000e+00 9.000000000000000222e-01
2.253000000000000114e+00 8.835012197494506836e+00 5.000000000000000000e+00 1.200000000000000000e+01 9.000000000000000222e-01
2.329000000000000181e+00 8.835012197494506836e+00 6.000000000000000000e+00 9.000000000000000000e+00 9.000000000000000222e-01
2.548000000000000487e+00 8.835012197494506836e+00 7.000000000000000000e+00 2.000000000000000000e+01 9.000000000000000222e-01
2.696000000000000174e+00 8.835012197494506836e+00 8.000000000000000000e+00 1.200000000000000000e+01 9.000000000000000222e-01
2.956999999999999851e+00 8.835012197494506836e+00 9.000000000000000000e+00 0.000000000000000000e+00 9.000000000000000222e-01
4.169999999999997264e+00 8.835012197494506836e+00 1.000000000000000000e+01 1.300000000000000000e+01 9.000000000000000222e-01
4.168999999999997819e+00 8.835012197494506836e+00 1.100000000000000000e+01 2.600000000000000000e+01 9.000000000000000222e-01
4.226999999999997648e+00 8.835012197494506836e+00 1.200000000000000000e+01 3.600000000000000000e+01 9.000000000000000222e-01
4.353999999999997428e+00 8.835012197494506836e+00 1.300000000000000000e+01 6.600000000000000000e+01 9.000000000000000222e-01
4.484999999999997655e+00 8.835012197494506836e+00 1.400000000000000000e+01 1.220000000000000000e+02 9.000000000000000222e-01
4.633999999999997677e+00 8.835012197494506836e+00 1.500000000000000000e+01 2.100000000000000000e+01 9.000000000000000222e-01
4.600999999999998202e+00 8.835012197494506836e+00 1.600000000000000000e+01 6.500000000000000000e+01 9.000000000000000222e-01
4.813999999999996504e+00 8.835012197494506836e+00 1.700000000000000000e+01 6.200000000000000000e+01 9.000000000000000222e-01
4.739999999999996660e+00 8.835012197494506836e+00 1.800000000000000000e+01 1.080000000000000000e+02 9.000000000000000222e-01
4.855999999999997208e+00 8.835012197494506836e+00 1.900000000000000000e+01 7.700000000000000000e+01 9.000000000000000222e-01
5.093999999999998529e+00 8.835012197494506836e+00 2.000000000000000000e+01 5.000000000000000000e+01 9.000000000000000222e-01
5.081999999999999851e+00 8.835012197494506836e+00 2.100000000000000000e+01 3.900000000000000000e+01 9.000000000000000222e-01
5.176000000000000156e+00 8.835012197494506836e+00 2.200000000000000000e+01 6.000000000000000000e+00 9.000000000000000222e-01
5.961999999999995303e+00 8.835012197494506836e+00 2.300000000000000000e+01 9.500000000000000000e+01 9.000000000000000222e-01
6.227999999999994429e+00 8.835012197494506836e+00 2.400000000000000000e+01 9.000000000000000000e+01 9.000000000000000222e-01
6.396999999999994024e+00 8.835012197494506836e+00 2.500000000000000000e+01 6.700000000000000000e+01 9.000000000000000222e-01
6.743999999999990891e+00 8.835012197494506836e+00 2.600000000000000000e+01 8.900000000000000000e+01 9.000000000000000222e-01
6.995999999999992447e+00 8.835012197494506836e+00 2.700000000000000000e+01 8.900000000000000000e+01 9.000000000000000222e-01
7.209999999999992859e+00 8.835012197494506836e+00 2.800000000000000000e+01 8.500000000000000000e+01 9.000000000000000222e-01
7.787999999999992262e+00 8.835012197494506836e+00 2.900000000000000000e+01 4.000000000000000000e+01 9.000000000000000222e-01
7.846999999999993314e+00 8.835012197494506836e+00 3.000000000000000000e+01 1.800000000000000000e+01 9.000000000000000222e-01
8.829999999999992966e+00 8.835012197494506836e+00 3.100000000000000000e+01 0.000000000000000000e+00 9.000000000000000222e-01
1.440000000000000169e+00 8.858449697494506836e+00 0.000000000000000000e+00 0.000000000000000000e+00 9.499999999999999556e-01
1.440000000000000169e+00 8.858449697494506836e+00 1.000000000000000000e+00 5.000000000000000000e+00 9.499999999999999556e-01
1.491000000000000103e+00 8.858449697494506836e+00 2.000000000000000000e+00 6.000000000000000000e+00 9.499999999999999556e-01
1.761000000000000121e+00 8.858449697494506836e+00 3.000000000000000000e+00 0.000000000000000000e+00 9.499999999999999556e-01
1.761000000000000121e+00 8.858449697494506836e+00 4.000000000000000000e+00 0.000000000000000000e+00 9.499999999999999556e-01
2.246999999999999886e+00 8.858449697494506836e+00 5.000000000000000000e+00 1.100000000000000000e+01 9.499999999999999556e-01
2.326999999999999957e+00 8.858449697494506836e+00 6.000000000000000000e+00 6.000000000000000000e+00 9.499999999999999556e-01
2.580000000000000071e+00 8.858449697494506836e+00 7.000000000000000000e+00 2.100000000000000000e+01 9.499999999999999556e-01
2.688999999999999613e+00 8.858449697494506836e+00 8.000000000000000000e+00 1.100000000000000000e+01 9.499999999999999556e-01
2.931999999999999051e+00 8.858449697494506836e+00 9.000000000000000000e+00 0.000000000000000000e+00 9.499999999999999556e-01
4.202999999999997627e+00 8.858449697494506836e+00 1.000000000000000000e+01 1.300000000000000000e+01 9.499999999999999556e-01
4.242999999999997662e+00 8.858449697494506836e+00 1.100000000000000000e+01 3.700000000000000000e+01 9.499999999999999556e-01
4.244999999999997442e+00 8.858449697494506836e+00 1.200000000000000000e+01 2.900000000000000000e+01 9.499999999999999556e-01
4.331999999999998963e+00 8.858449697494506836e+00 1.300000000000000000e+01 6.800000000000000000e+01 9.499999999999999556e-01
4.503999999999997783e+00 8.858449697494506836e+00 1.400000000000000000e+01 1.030000000000000000e+02 9.499999999999999556e-01
4.625999999999999446e+00 8.858449697494506836e+00 1.500000000000000000e+01 6.500000000000000000e+01 9.499999999999999556e-01
4.719999999999998863e+00 8.858449697494506836e+00 1.600000000000000000e+01 2.400000000000000000e+01 9.499999999999999556e-01
4.852999999999997982e+00 8.858449697494506836e+00 1.700000000000000000e+01 6.400000000000000000e+01 9.499999999999999556e-01
4.821999999999998288e+00 8.858449697494506836e+00 1.800000000000000000e+01 8.100000000000000000e+01 9.499999999999999556e-01
4.859999999999998543e+00 8.858449697494506836e+00 1.900000000000000000e+01 9.000000000000000000e+01 9.499999999999999556e-01
5.079999999999998295e+00 8.858449697494506836e+00 2.000000000000000000e+01 5.300000000000000000e+01 9.499999999999999556e-01
5.128999999999998671e+00 8.858449697494506836e+00 2.100000000000000000e+01 3.600000000000000000e+01 9.499999999999999556e-01
5.235999999999999766e+00 8.858449697494506836e+00 2.200000000000000000e+01 9.000000000000000000e+00 9.499999999999999556e-01
6.055999999999996497e+00 8.858449697494506836e+00 2.300000000000000000e+01 9.400000000000000000e+01 9.499999999999999556e-01
6.280999999999995254e+00 8.858449697494506836e+00 2.400000000000000000e+01 1.030000000000000000e+02 9.499999999999999556e-01
6.441999999999994841e+00 8.858449697494506836e+00 2.500000000000000000e+01 6.000000000000000000e+01 9.499999999999999556e-01
6.794999999999995488e+00 8.858449697494506836e+00 2.600000000000000000e+01 9.400000000000000000e+01 9.499999999999999556e-01
7.105999999999994543e+00 8.858449697494506836e+00 2.700000000000000000e+01 1.000000000000000000e+02 9.499999999999999556e-01
7.466999999999995197e+00 8.858449697494506836e+00 2.800000000000000000e+01 1.010000000000000000e+02 9.499999999999999556e-01
8.001999999999993562e+00 8.858449697494506836e+00 2.900000000000000000e+01 2.300000000000000000e+01 9.499999999999999556e-01
8.027999999999993364e+00 8.858449697494506836e+00 3.000000000000000000e+01 6.400000000000000000e+01 9.499999999999999556e-01
8.838999999999987978e+00 8.858449697494506836e+00 3.100000000000000000e+01 0.000000000000000000e+00 9.499999999999999556e-01
1.455000000000000071e+00 8.854526281356811523e+00 0.000000000000000000e+00 0.000000000000000000e+00 1.000000000000000000e+00
1.455000000000000071e+00 8.854526281356811523e+00 1.000000000000000000e+00 5.000000000000000000e+00 1.000000000000000000e+00
1.505000000000000115e+00 8.854526281356811523e+00 2.000000000000000000e+00 5.000000000000000000e+00 1.000000000000000000e+00
1.749000000000000110e+00 8.854526281356811523e+00 3.000000000000000000e+00 0.000000000000000000e+00 1.000000000000000000e+00
1.800000000000000044e+00 8.854526281356811523e+00 4.000000000000000000e+00 0.000000000000000000e+00 1.000000000000000000e+00
2.253999999999999559e+00 8.854526281356811523e+00 5.000000000000000000e+00 1.400000000000000000e+01 1.000000000000000000e+00
2.297999999999999599e+00 8.854526281356811523e+00 6.000000000000000000e+00 7.000000000000000000e+00 1.000000000000000000e+00
2.560999999999999499e+00 8.854526281356811523e+00 7.000000000000000000e+00 2.100000000000000000e+01 1.000000000000000000e+00
2.719999999999999307e+00 8.854526281356811523e+00 8.000000000000000000e+00 1.100000000000000000e+01 1.000000000000000000e+00
2.948999999999999400e+00 8.854526281356811523e+00 9.000000000000000000e+00 0.000000000000000000e+00 1.000000000000000000e+00
3.483999999999999542e+00 8.854526281356811523e+00 1.000000000000000000e+01 1.700000000000000000e+01 1.000000000000000000e+00
3.655999999999999250e+00 8.854526281356811523e+00 1.100000000000000000e+01 2.000000000000000000e+01 1.000000000000000000e+00
4.210999999999998522e+00 8.854526281356811523e+00 1.200000000000000000e+01 1.100000000000000000e+01 1.000000000000000000e+00
4.235999999999997989e+00 8.854526281356811523e+00 1.300000000000000000e+01 2.200000000000000000e+01 1.000000000000000000e+00
4.240999999999997883e+00 8.854526281356811523e+00 1.400000000000000000e+01 2.600000000000000000e+01 1.000000000000000000e+00
4.307999999999998053e+00 8.854526281356811523e+00 1.500000000000000000e+01 4.200000000000000000e+01 1.000000000000000000e+00
4.492999999999998550e+00 8.854526281356811523e+00 1.600000000000000000e+01 3.100000000000000000e+01 1.000000000000000000e+00
4.531999999999999140e+00 8.854526281356811523e+00 1.700000000000000000e+01 6.600000000000000000e+01 1.000000000000000000e+00
4.574999999999998401e+00 8.854526281356811523e+00 1.800000000000000000e+01 4.300000000000000000e+01 1.000000000000000000e+00
4.838999999999997748e+00 8.854526281356811523e+00 1.900000000000000000e+01 3.700000000000000000e+01 1.000000000000000000e+00
4.860999999999997989e+00 8.854526281356811523e+00 2.000000000000000000e+01 6.100000000000000000e+01 1.000000000000000000e+00
4.982999999999997875e+00 8.854526281356811523e+00 2.100000000000000000e+01 2.400000000000000000e+01 1.000000000000000000e+00
5.063999999999997392e+00 8.854526281356811523e+00 2.200000000000000000e+01 3.500000000000000000e+01 1.000000000000000000e+00
5.183999999999998387e+00 8.854526281356811523e+00 2.300000000000000000e+01 7.000000000000000000e+01 1.000000000000000000e+00
5.953999999999999737e+00 8.854526281356811523e+00 2.400000000000000000e+01 3.300000000000000000e+01 1.000000000000000000e+00
6.145999999999999019e+00 8.854526281356811523e+00 2.500000000000000000e+01 2.800000000000000000e+01 1.000000000000000000e+00
6.370999999999998664e+00 8.854526281356811523e+00 2.600000000000000000e+01 9.100000000000000000e+01 1.000000000000000000e+00
6.529999999999999361e+00 8.854526281356811523e+00 2.700000000000000000e+01 4.800000000000000000e+01 1.000000000000000000e+00
6.823000000000000398e+00 8.854526281356811523e+00 2.800000000000000000e+01 1.030000000000000000e+02 1.000000000000000000e+00
7.258999999999999453e+00 8.854526281356811523e+00 2.900000000000000000e+01 0.000000000000000000e+00 1.000000000000000000e+00
7.710000000000002629e+00 8.854526281356811523e+00 3.000000000000000000e+01 3.700000000000000000e+01 1.000000000000000000e+00
8.830999999999994188e+00 8.854526281356811523e+00 3.100000000000000000e+01 0.000000000000000000e+00 1.000000000000000000e+00
1.420999999999999597e+00 8.827690362930297852e+00 0.000000000000000000e+00 4.000000000000000000e+00 1.050000000000000044e+00
1.492999999999999661e+00 8.827690362930297852e+00 1.000000000000000000e+00 0.000000000000000000e+00 1.050000000000000044e+00
1.492999999999999661e+00 8.827690362930297852e+00 2.000000000000000000e+00 3.000000000000000000e+00 1.050000000000000044e+00
1.776999999999999469e+00 8.827690362930297852e+00 3.000000000000000000e+00 0.000000000000000000e+00 1.050000000000000044e+00
1.776999999999999469e+00 8.827690362930297852e+00 4.000000000000000000e+00 0.000000000000000000e+00 1.050000000000000044e+00
2.283999999999999364e+00 8.827690362930297852e+00 5.000000000000000000e+00 1.000000000000000000e+01 1.050000000000000044e+00
2.283999999999999364e+00 8.827690362930297852e+00 6.000000000000000000e+00 3.000000000000000000e+00 1.050000000000000044e+00
2.584999999999999076e+00 8.827690362930297852e+00 7.000000000000000000e+00 1.500000000000000000e+01 1.050000000000000044e+00
2.679999999999999272e+00 8.827690362930297852e+00 8.000000000000000000e+00 6.000000000000000000e+00 1.050000000000000044e+00
2.948999999999998956e+00 8.827690362930297852e+00 9.000000000000000000e+00 0.000000000000000000e+00 1.050000000000000044e+00
4.165999999999997705e+00 8.827690362930297852e+00 1.000000000000000000e+01 1.400000000000000000e+01 1.050000000000000044e+00
4.166999999999998039e+00 8.827690362930297852e+00 1.100000000000000000e+01 2.900000000000000000e+01 1.050000000000000044e+00
4.227999999999997982e+00 8.827690362930297852e+00 1.200000000000000000e+01 3.600000000000000000e+01 1.050000000000000044e+00
4.273999999999997357e+00 8.827690362930297852e+00 1.300000000000000000e+01 6.000000000000000000e+01 1.050000000000000044e+00
4.481999999999998430e+00 8.827690362930297852e+00 1.400000000000000000e+01 1.090000000000000000e+02 1.050000000000000044e+00
4.622999999999999332e+00 8.827690362930297852e+00 1.500000000000000000e+01 2.100000000000000000e+01 1.050000000000000044e+00
4.585999999999997634e+00 8.827690362930297852e+00 1.600000000000000000e+01 5.200000000000000000e+01 1.050000000000000044e+00
4.815999999999998060e+00 8.827690362930297852e+00 1.700000000000000000e+01 5.500000000000000000e+01 1.050000000000000044e+00
4.746999999999997222e+00 8.827690362930297852e+00 1.800000000000000000e+01 9.300000000000000000e+01 1.050000000000000044e+00
4.856999999999998430e+00 8.827690362930297852e+00 1.900000000000000000e+01 5.700000000000000000e+01 1.050000000000000044e+00
5.038000000000001144e+00 8.827690362930297852e+00 2.000000000000000000e+01 3.500000000000000000e+01 1.050000000000000044e+00
5.176000000000001044e+00 8.827690362930297852e+00 2.100000000000000000e+01 5.600000000000000000e+01 1.050000000000000044e+00
5.098999999999999311e+00 8.827690362930297852e+00 2.200000000000000000e+01 6.000000000000000000e+00 1.050000000000000044e+00
6.014000000000000234e+00 8.827690362930297852e+00 2.300000000000000000e+01 8.800000000000000000e+01 1.050000000000000044e+00
6.286000000000001364e+00 8.827690362930297852e+00 2.400000000000000000e+01 8.800000000000000000e+01 1.050000000000000044e+00
6.421000000000001151e+00 8.827690362930297852e+00 2.500000000000000000e+01 6.400000000000000000e+01 1.050000000000000044e+00
6.973000000000003418e+00 8.827690362930297852e+00 2.600000000000000000e+01 8.700000000000000000e+01 1.050000000000000044e+00
7.061000000000003496e+00 8.827690362930297852e+00 2.700000000000000000e+01 9.600000000000000000e+01 1.050000000000000044e+00
7.284000000000002473e+00 8.827690362930297852e+00 2.800000000000000000e+01 8.500000000000000000e+01 1.050000000000000044e+00
8.027000000000004576e+00 8.827690362930297852e+00 2.900000000000000000e+01 2.000000000000000000e+01 1.050000000000000044e+00
8.024000000000004462e+00 8.827690362930297852e+00 3.000000000000000000e+01 5.700000000000000000e+01 1.050000000000000044e+00
8.787000000000004363e+00 8.827690362930297852e+00 3.100000000000000000e+01 0.000000000000000000e+00 1.050000000000000044e+00
1.421999999999999931e+00 8.897249698638916016e+00 0.000000000000000000e+00 0.000000000000000000e+00 1.100000000000000089e+00
1.421999999999999931e+00 8.897249698638916016e+00 1.000000000000000000e+00 5.000000000000000000e+00 1.100000000000000089e+00
1.506999999999999895e+00 8.897249698638916016e+00 2.000000000000000000e+00 4.000000000000000000e+00 1.100000000000000089e+00
1.730999999999999872e+00 8.897249698638916016e+00 3.000000000000000000e+00 0.000000000000000000e+00 1.100000000000000089e+00
1.788999999999999924e+00 8.897249698638916016e+00 4.000000000000000000e+00 0.000000000000000000e+00 1.100000000000000089e+00
2.217999999999999527e+00 8.897249698638916016e+00 5.000000000000000000e+00 1.300000000000000000e+01 1.100000000000000089e+00
2.306999999999999496e+00 8.897249698638916016e+00 6.000000000000000000e+00 9.000000000000000000e+00 1.100000000000000089e+00
2.553999999999999826e+00 8.897249698638916016e+00 7.000000000000000000e+00 2.100000000000000000e+01 1.100000000000000089e+00
2.691999999999999726e+00 8.897249698638916016e+00 8.000000000000000000e+00 1.200000000000000000e+01 1.100000000000000089e+00
2.917000000000000259e+00 8.897249698638916016e+00 9.000000000000000000e+00 0.000000000000000000e+00 1.100000000000000089e+00
4.135999999999997456e+00 8.897249698638916016e+00 1.000000000000000000e+01 1.100000000000000000e+01 1.100000000000000089e+00
4.168999999999997819e+00 8.897249698638916016e+00 1.100000000000000000e+01 3.300000000000000000e+01 1.100000000000000089e+00
4.251999999999998892e+00 8.897249698638916016e+00 1.200000000000000000e+01 3.200000000000000000e+01 1.100000000000000089e+00
4.310999999999999055e+00 8.897249698638916016e+00 1.300000000000000000e+01 5.500000000000000000e+01 1.100000000000000089e+00
4.483999999999998209e+00 8.897249698638916016e+00 1.400000000000000000e+01 9.700000000000000000e+01 1.100000000000000089e+00
4.648999999999999133e+00 8.897249698638916016e+00 1.500000000000000000e+01 2.000000000000000000e+01 1.100000000000000089e+00
4.551999999999999602e+00 8.897249698638916016e+00 1.600000000000000000e+01 5.600000000000000000e+01 1.100000000000000089e+00
4.844999999999998863e+00 8.897249698638916016e+00 1.700000000000000000e+01 4.600000000000000000e+01 1.100000000000000089e+00
4.811999999999998501e+00 8.897249698638916016e+00 1.800000000000000000e+01 5.900000000000000000e+01 1.100000000000000089e+00
4.822000000000000064e+00 8.897249698638916016e+00 1.900000000000000000e+01 7.800000000000000000e+01 1.100000000000000089e+00
5.103999999999999204e+00 8.897249698638916016e+00 2.000000000000000000e+01 5.100000000000000000e+01 1.100000000000000089e+00
5.133999999999999453e+00 8.897249698638916016e+00 2.100000000000000000e+01 3.900000000000000000e+01 1.100000000000000089e+00
5.208999999999999631e+00 8.897249698638916016e+00 2.200000000000000000e+01 6.000000000000000000e+00 1.100000000000000089e+00
6.202999999999997627e+00 8.897249698638916016e+00 2.300000000000000000e+01 6.700000000000000000e+01 1.100000000000000089e+00
6.257999999999997343e+00 8.897249698638916016e+00 2.400000000000000000e+01 8.800000000000000000e+01 1.100000000000000089e+00
6.460999999999995858e+00 8.897249698638916016e+00 2.500000000000000000e+01 6.200000000000000000e+01 1.100000000000000089e+00
6.805999999999996497e+00 8.897249698638916016e+00 2.600000000000000000e+01 7.200000000000000000e+01 1.100000000000000089e+00
7.026999999999995694e+00 8.897249698638916016e+00 2.700000000000000000e+01 6.300000000000000000e+01 1.100000000000000089e+00
7.243999999999995332e+00 8.897249698638916016e+00 2.800000000000000000e+01 9.900000000000000000e+01 1.100000000000000089e+00
7.805999999999994721e+00 8.897249698638916016e+00 2.900000000000000000e+01 3.700000000000000000e+01 1.100000000000000089e+00
8.227999999999992653e+00 8.897249698638916016e+00 3.000000000000000000e+01 2.000000000000000000e+01 1.100000000000000089e+00
8.869999999999985008e+00 8.897249698638916016e+00 3.100000000000000000e+01 0.000000000000000000e+00 1.100000000000000089e+00
1.436000000000000165e+00 8.994956970214843750e+00 0.000000000000000000e+00 4.000000000000000000e+00 1.149999999999999911e+00
1.485000000000000098e+00 8.994956970214843750e+00 1.000000000000000000e+00 0.000000000000000000e+00 1.149999999999999911e+00
1.535000000000000142e+00 8.994956970214843750e+00 2.000000000000000000e+00 4.000000000000000000e+00 1.149999999999999911e+00
1.792000000000000259e+00 8.994956970214843750e+00 3.000000000000000000e+00 0.000000000000000000e+00 1.149999999999999911e+00
1.792000000000000259e+00 8.994956970214843750e+00 4.000000000000000000e+00 0.000000000000000000e+00 1.149999999999999911e+00
2.262000000000000455e+00 8.994956970214843750e+00 5.000000000000000000e+00 1.400000000000000000e+01 1.149999999999999911e+00
2.339000000000000412e+00 8.994956970214843750e+00 6.000000000000000000e+00 9.000000000000000000e+00 1.149999999999999911e+00
2.594000000000000306e+00 8.994956970214843750e+00 7.000000000000000000e+00 2.200000000000000000e+01 1.149999999999999911e+00
2.709000000000000519e+00 8.994956970214843750e+00 8.000000000000000000e+00 1.300000000000000000e+01 1.149999999999999911e+00
2.963000000000000078e+00 8.994956970214843750e+00 9.000000000000000000e+00 0.000000000000000000e+00 1.149999999999999911e+00
4.195999999999998842e+00 8.994956970214843750e+00 1.000000000000000000e+01 1.300000000000000000e+01 1.149999999999999911e+00
4.195999999999998842e+00 8.994956970214843750e+00 1.100000000000000000e+01 3.200000000000000000e+01 1.149999999999999911e+00
4.306999999999999496e+00 8.994956970214843750e+00 1.200000000000000000e+01 3.400000000000000000e+01 1.149999999999999911e+00
4.370000000000000107e+00 8.994956970214843750e+00 1.300000000000000000e+01 5.200000000000000000e+01 1.149999999999999911e+00
4.520999999999999019e+00 8.994956970214843750e+00 1.400000000000000000e+01 9.900000000000000000e+01 1.149999999999999911e+00
4.605999999999999872e+00 8.994956970214843750e+00 1.500000000000000000e+01 5.300000000000000000e+01 1.149999999999999911e+00
4.727999999999998870e+00 8.994956970214843750e+00 1.600000000000000000e+01 3.000000000000000000e+01 1.149999999999999911e+00
4.828999999999997961e+00 8.994956970214843750e+00 1.700000000000000000e+01 5.600000000000000000e+01 1.149999999999999911e+00
4.889999999999998792e+00 8.994956970214843750e+00 1.800000000000000000e+01 4.000000000000000000e+01 1.149999999999999911e+00
4.903999999999998138e+00 8.994956970214843750e+00 1.900000000000000000e+01 6.300000000000000000e+01 1.149999999999999911e+00
5.157999999999998586e+00 8.994956970214843750e+00 2.000000000000000000e+01 5.400000000000000000e+01 1.149999999999999911e+00
5.168999999999998707e+00 8.994956970214843750e+00 2.100000000000000000e+01 3.900000000000000000e+01 1.149999999999999911e+00
5.302999999999999048e+00 8.994956970214843750e+00 2.200000000000000000e+01 6.000000000000000000e+00 1.149999999999999911e+00
6.209000000000003183e+00 8.994956970214843750e+00 2.300000000000000000e+01 6.200000000000000000e+01 1.149999999999999911e+00
6.440000000000003055e+00 8.994956970214843750e+00 2.400000000000000000e+01 8.600000000000000000e+01 1.149999999999999911e+00
6.537000000000003475e+00 8.994956970214843750e+00 2.500000000000000000e+01 6.200000000000000000e+01 1.149999999999999911e+00
6.899000000000004462e+00 8.994956970214843750e+00 2.600000000000000000e+01 7.100000000000000000e+01 1.149999999999999911e+00
7.071000000000003283e+00 8.994956970214843750e+00 2.700000000000000000e+01 5.900000000000000000e+01 1.149999999999999911e+00
7.427000000000004931e+00 8.994956970214843750e+00 2.800000000000000000e+01 9.100000000000000000e+01 1.149999999999999911e+00
7.867000000000001769e+00 8.994956970214843750e+00 2.900000000000000000e+01 3.800000000000000000e+01 1.149999999999999911e+00
8.332999999999998408e+00 8.994956970214843750e+00 3.000000000000000000e+01 1.700000000000000000e+01 1.149999999999999911e+00
8.971999999999994202e+00 8.994956970214843750e+00 3.100000000000000000e+01 0.000000000000000000e+00 1.149999999999999911e+00
1.429000000000000492e+00 8.991698980331420898e+00 0.000000000000000000e+00 0.000000000000000000e+00 1.199999999999999956e+00
1.429000000000000492e+00 8.991698980331420898e+00 1.000000000000000000e+00 5.000000000000000000e+00 1.199999999999999956e+00
1.480000000000000426e+00 8.991698980331420898e+00 2.000000000000000000e+00 5.000000000000000000e+00 1.199999999999999956e+00
1.769000000000000350e+00 8.991698980331420898e+00 3.000000000000000000e+00 0.000000000000000000e+00 1.199999999999999956e+00
1.769000000000000350e+00 8.991698980331420898e+00 4.000000000000000000e+00 0.000000000000000000e+00 1.199999999999999956e+00
2.248000000000000220e+00 8.991698980331420898e+00 5.000000000000000000e+00 1.300000000000000000e+01 1.199999999999999956e+00
2.298000000000000043e+00 8.991698980331420898e+00 6.000000000000000000e+00 7.000000000000000000e+00 1.199999999999999956e+00
2.583999999999999186e+00 8.991698980331420898e+00 7.000000000000000000e+00 2.100000000000000000e+01 1.199999999999999956e+00
2.728999999999999204e+00 8.991698980331420898e+00 8.000000000000000000e+00 1.200000000000000000e+01 1.199999999999999956e+00
2.942999999999999172e+00 8.991698980331420898e+00 9.000000000000000000e+00 0.000000000000000000e+00 1.199999999999999956e+00
4.142999999999997129e+00 8.991698980331420898e+00 1.000000000000000000e+01 1.200000000000000000e+01 1.199999999999999956e+00
4.171999999999997044e+00 8.991698980331420898e+00 1.100000000000000000e+01 2.900000000000000000e+01 1.199999999999999956e+00
4.298999999999996824e+00 8.991698980331420898e+00 1.200000000000000000e+01 3.200000000000000000e+01 1.199999999999999956e+00
4.325999999999996959e+00 8.991698980331420898e+00 1.300000000000000000e+01 5.300000000000000000e+01 1.199999999999999956e+00
4.512999999999997236e+00 8.991698980331420898e+00 1.400000000000000000e+01 8.900000000000000000e+01 1.199999999999999956e+00
4.606999999999998430e+00 8.991698980331420898e+00 1.500000000000000000e+01 5.200000000000000000e+01 1.199999999999999956e+00
4.683999999999998387e+00 8.991698980331420898e+00 1.600000000000000000e+01 2.900000000000000000e+01 1.199999999999999956e+00
4.798999999999997712e+00 8.991698980331420898e+00 1.700000000000000000e+01 5.200000000000000000e+01 1.199999999999999956e+00
4.884999999999997122e+00 8.991698980331420898e+00 1.800000000000000000e+01 4.100000000000000000e+01 1.199999999999999956e+00
4.855999999999996319e+00 8.991698980331420898e+00 1.900000000000000000e+01 6.300000000000000000e+01 1.199999999999999956e+00
5.116999999999996440e+00 8.991698980331420898e+00 2.000000000000000000e+01 5.100000000000000000e+01 1.199999999999999956e+00
5.138999999999995794e+00 8.991698980331420898e+00 2.100000000000000000e+01 3.600000000000000000e+01 1.199999999999999956e+00
5.284999999999996589e+00 8.991698980331420898e+00 2.200000000000000000e+01 5.000000000000000000e+00 1.199999999999999956e+00
6.220000000000000639e+00 8.991698980331420898e+00 2.300000000000000000e+01 5.800000000000000000e+01 1.199999999999999956e+00
6.470000000000001528e+00 8.991698980331420898e+00 2.400000000000000000e+01 8.200000000000000000e+01 1.199999999999999956e+00
6.511000000000001897e+00 8.991698980331420898e+00 2.500000000000000000e+01 5.800000000000000000e+01 1.199999999999999956e+00
6.948000000000002174e+00 8.991698980331420898e+00 2.600000000000000000e+01 7.400000000000000000e+01 1.199999999999999956e+00
7.056000000000003602e+00 8.991698980331420898e+00 2.700000000000000000e+01 6.300000000000000000e+01 1.199999999999999956e+00
7.476000000000004420e+00 8.991698980331420898e+00 2.800000000000000000e+01 8.400000000000000000e+01 1.199999999999999956e+00
7.897000000000002906e+00 8.991698980331420898e+00 2.900000000000000000e+01 3.800000000000000000e+01 1.199999999999999956e+00
8.310000000000005826e+00 8.991698980331420898e+00 3.000000000000000000e+01 1.100000000000000000e+01 1.199999999999999956e+00
8.965999999999992198e+00 8.991698980331420898e+00 3.100000000000000000e+01 0.000000000000000000e+00 1.199999999999999956e+00
1.465000000000000080e+00 8.994461059570312500e+00 0.000000000000000000e+00 0.000000000000000000e+00 1.250000000000000000e+00
1.465000000000000080e+00 8.994461059570312500e+00 1.000000000000000000e+00 6.000000000000000000e+00 1.250000000000000000e+00
1.513000000000000123e+00 8.994461059570312500e+00 2.000000000000000000e+00 6.000000000000000000e+00 1.250000000000000000e+00
1.786000000000000032e+00 8.994461059570312500e+00 3.000000000000000000e+00 0.000000000000000000e+00 1.250000000000000000e+00
1.786000000000000032e+00 8.994461059570312500e+00 4.000000000000000000e+00 0.000000000000000000e+00 1.250000000000000000e+00
2.237000000000000099e+00 8.994461059570312500e+00 5.000000000000000000e+00 1.200000000000000000e+01 1.250000000000000000e+00
2.306000000000000050e+00 8.994461059570312500e+00 6.000000000000000000e+00 4.000000000000000000e+00 1.250000000000000000e+00
2.603000000000000647e+00 8.994461059570312500e+00 7.000000000000000000e+00 2.000000000000000000e+01 1.250000000000000000e+00
2.742000000000000437e+00 8.994461059570312500e+00 8.000000000000000000e+00 1.200000000000000000e+01 1.250000000000000000e+00
2.942000000000000615e+00 8.994461059570312500e+00 9.000000000000000000e+00 0.000000000000000000e+00 1.250000000000000000e+00
4.172999999999999154e+00 8.994461059570312500e+00 1.000000000000000000e+01 1.000000000000000000e+01 1.250000000000000000e+00
4.172999999999999154e+00 8.994461059570312500e+00 1.100000000000000000e+01 2.600000000000000000e+01 1.250000000000000000e+00
4.331999999999998963e+00 8.994461059570312500e+00 1.200000000000000000e+01 2.500000000000000000e+01 1.250000000000000000e+00
4.359999999999999432e+00 8.994461059570312500e+00 1.300000000000000000e+01 4.900000000000000000e+01 1.250000000000000000e+00
4.503999999999998671e+00 8.994461059570312500e+00 1.400000000000000000e+01 7.700000000000000000e+01 1.250000000000000000e+00
4.603999999999999204e+00 8.994461059570312500e+00 1.500000000000000000e+01 4.200000000000000000e+01 1.250000000000000000e+00
4.733999999999999098e+00 8.994461059570312500e+00 1.600000000000000000e+01 2.200000000000000000e+01 1.250000000000000000e+00
4.788999999999999702e+00 8.994461059570312500e+00 1.700000000000000000e+01 3.800000000000000000e+01 1.250000000000000000e+00
4.900999999999998913e+00 8.994461059570312500e+00 1.800000000000000000e+01 3.400000000000000000e+01 1.250000000000000000e+00
4.905999999999997918e+00 8.994461059570312500e+00 1.900000000000000000e+01 4.000000000000000000e+01 1.250000000000000000e+00
5.152999999999996916e+00 8.994461059570312500e+00 2.000000000000000000e+01 4.000000000000000000e+01 1.250000000000000000e+00
5.203999999999997073e+00 8.994461059570312500e+00 2.100000000000000000e+01 3.300000000000000000e+01 1.250000000000000000e+00
5.273999999999996469e+00 8.994461059570312500e+00 2.200000000000000000e+01 5.000000000000000000e+00 1.250000000000000000e+00
6.231000000000000760e+00 8.994461059570312500e+00 2.300000000000000000e+01 5.000000000000000000e+01 1.250000000000000000e+00
6.543000000000001037e+00 8.994461059570312500e+00 2.400000000000000000e+01 5.800000000000000000e+01 1.250000000000000000e+00
6.621000000000001329e+00 8.994461059570312500e+00 2.500000000000000000e+01 8.800000000000000000e+01 1.250000000000000000e+00
7.018000000000003347e+00 8.994461059570312500e+00 2.600000000000000000e+01 6.700000000000000000e+01 1.250000000000000000e+00
7.102000000000002089e+00 8.994461059570312500e+00 2.700000000000000000e+01 5.800000000000000000e+01 1.250000000000000000e+00
7.585000000000000853e+00 8.994461059570312500e+00 2.800000000000000000e+01 8.700000000000000000e+01 1.250000000000000000e+00
7.960000000000004405e+00 8.994461059570312500e+00 2.900000000000000000e+01 3.700000000000000000e+01 1.250000000000000000e+00
8.321999999999999176e+00 8.994461059570312500e+00 3.000000000000000000e+01 0.000000000000000000e+00 1.250000000000000000e+00
8.952999999999981640e+00 8.994461059570312500e+00 3.100000000000000000e+01 0.000000000000000000e+00 1.250000000000000000e+00
