1.789999999999999591e+00 9.111558437347412109e+00 0.000000000000000000e+00 0.000000000000000000e+00 7.500000000000000000e-01
1.789999999999999591e+00 9.111558437347412109e+00 1.000000000000000000e+00 8.000000000000000000e+00 7.500000000000000000e-01
1.886999999999999567e+00 9.111558437347412109e+00 2.000000000000000000e+00 9.000000000000000000e+00 7.500000000000000000e-01
2.252999999999999226e+00 9.111558437347412109e+00 3.000000000000000000e+00 2.000000000000000000e+00 7.500000000000000000e-01
2.252999999999999226e+00 9.111558437347412109e+00 4.000000000000000000e+00 0.000000000000000000e+00 7.500000000000000000e-01
2.577999999999999403e+00 9.111558437347412109e+00 5.000000000000000000e+00 2.000000000000000000e+00 7.500000000000000000e-01
2.967999999999998639e+00 9.111558437347412109e+00 6.000000000000000000e+00 1.200000000000000000e+01 7.500000000000000000e-01
3.146999999999998465e+00 9.111558437347412109e+00 7.000000000000000000e+00 5.000000000000000000e+00 7.500000000000000000e-01
3.483999999999998654e+00 9.111558437347412109e+00 8.000000000000000000e+00 6.000000000000000000e+00 7.500000000000000000e-01
3.806999999999998163e+00 9.111558437347412109e+00 9.000000000000000000e+00 1.600000000000000000e+01 7.500000000000000000e-01
4.377999999999997449e+00 9.111558437347412109e+00 1.000000000000000000e+01 7.000000000000000000e+00 7.500000000000000000e-01
4.480999999999997208e+00 9.111558437347412109e+00 1.100000000000000000e+01 0.000000000000000000e+00 7.500000000000000000e-01
4.937999999999997058e+00 9.111558437347412109e+00 1.200000000000000000e+01 2.000000000000000000e+00 7.500000000000000000e-01
5.175999999999997492e+00 9.111558437347412109e+00 1.300000000000000000e+01 4.600000000000000000e+01 7.500000000000000000e-01
5.299999999999996270e+00 9.111558437347412109e+00 1.400000000000000000e+01 4.600000000000000000e+01 7.500000000000000000e-01
5.647999999999997911e+00 9.111558437347412109e+00 1.500000000000000000e+01 6.800000000000000000e+01 7.500000000000000000e-01
5.625999999999998558e+00 9.111558437347412109e+00 1.600000000000000000e+01 6.500000000000000000e+01 7.500000000000000000e-01
5.761999999999996902e+00 9.111558437347412109e+00 1.700000000000000000e+01 4.500000000000000000e+01 7.500000000000000000e-01
5.904999999999995808e+00 9.111558437347412109e+00 1.800000000000000000e+01 1.700000000000000000e+01 7.500000000000000000e-01
6.022999999999996135e+00 9.111558437347412109e+00 1.900000000000000000e+01 1.110000000000000000e+02 7.500000000000000000e-01
6.078999999999996184e+00 9.111558437347412109e+00 2.000000000000000000e+01 6.200000000000000000e+01 7.500000000000000000e-01
6.161999999999995481e+00 9.111558437347412109e+00 2.100000000000000000e+01 1.310000000000000000e+02 7.500000000000000000e-01
6.257999999999994678e+00 9.111558437347412109e+00 2.200000000000000000e+01 6.500000000000000000e+01 7.500000000000000000e-01
6.594999999999994422e+00 9.111558437347412109e+00 2.300000000000000000e+01 1.020000000000000000e+02 7.500000000000000000e-01
6.594999999999994422e+00 9.111558437347412109e+00 2.400000000000000000e+01 9.500000000000000000e+01 7.500000000000000000e-01
6.699999999999994849e+00 9.111558437347412109e+00 2.500000000000000000e+01 1.300000000000000000e+01 7.500000000000000000e-01
7.138999999999994905e+00 9.111558437347412109e+00 2.600000000000000000e+01 3.400000000000000000e+01 7.500000000000000000e-01
7.950999999999996071e+00 9.111558437347412109e+00 2.700000000000000000e+01 5.700000000000000000e+01 7.500000000000000000e-01
8.197999999999996845e+00 9.111558437347412109e+00 2.800000000000000000e+01 5.800000000000000000e+01 7.500000000000000000e-01
8.385999999999995680e+00 9.111558437347412109e+00 2.900000000000000000e+01 1.190000000000000000e+02 7.500000000000000000e-01
8.411999999999993705e+00 9.111558437347412109e+00 3.000000000000000000e+01 6.900000000000000000e+01 7.500000000000000000e-01
9.080999999999992411e+00 9.111558437347412109e+00 3.100000000000000000e+01 1.300000000000000000e+01 7.500000000000000000e-01
1.720999999999999641e+00 8.848659992218017578e+00 0.000000000000000000e+00 0.000000000000000000e+00 8.000000000000000444e-01
1.720999999999999641e+00 8.848659992218017578e+00 1.000000000000000000e+00 6.000000000000000000e+00 8.000000000000000444e-01
1.798999999999999710e+00 8.848659992218017578e+00 2.000000000000000000e+00 5.000000000000000000e+00 8.000000000000000444e-01
2.118999999999999773e+00 8.848659992218017578e+00 3.000000000000000000e+00 1.000000000000000000e+00 8.000000000000000444e-01
2.118999999999999773e+00 8.848659992218017578e+00 4.000000000000000000e+00 0.000000000000000000e+00 8.000000000000000444e-01
2.536999999999999478e+00 8.848659992218017578e+00 5.000000000000000000e+00 0.000000000000000000e+00 8.000000000000000444e-01
2.795999999999999375e+00 8.848659992218017578e+00 6.000000000000000000e+00 1.000000000000000000e+01 8.000000000000000444e-01
2.983999999999999542e+00 8.848659992218017578e+00 7.000000000000000000e+00 1.100000000000000000e+01 8.000000000000000444e-01
3.288000000000000256e+00 8.848659992218017578e+00 8.000000000000000000e+00 5.000000000000000000e+00 8.000000000000000444e-01
3.584000000000000519e+00 8.848659992218017578e+00 9.000000000000000000e+00 0.000000000000000000e+00 8.000000000000000444e-01
4.236000000000000654e+00 8.848659992218017578e+00 1.000000000000000000e+01 1.000000000000000000e+01 8.000000000000000444e-01
4.440999999999999837e+00 8.848659992218017578e+00 1.100000000000000000e+01 0.000000000000000000e+00 8.000000000000000444e-01
4.773000000000001464e+00 8.848659992218017578e+00 1.200000000000000000e+01 0.000000000000000000e+00 8.000000000000000444e-01
4.794000000000001371e+00 8.848659992218017578e+00 1.300000000000000000e+01 3.800000000000000000e+01 8.000000000000000444e-01
4.974000000000000199e+00 8.848659992218017578e+00 1.400000000000000000e+01 3.300000000000000000e+01 8.000000000000000444e-01
5.120000000000000107e+00 8.848659992218017578e+00 1.500000000000000000e+01 5.900000000000000000e+01 8.000000000000000444e-01
5.288000000000000256e+00 8.848659992218017578e+00 1.600000000000000000e+01 8.400000000000000000e+01 8.000000000000000444e-01
5.525999999999999801e+00 8.848659992218017578e+00 1.700000000000000000e+01 7.400000000000000000e+01 8.000000000000000444e-01
5.548999999999999488e+00 8.848659992218017578e+00 1.800000000000000000e+01 3.400000000000000000e+01 8.000000000000000444e-01
5.718999999999998529e+00 8.848659992218017578e+00 1.900000000000000000e+01 4.900000000000000000e+01 8.000000000000000444e-01
5.654999999999998472e+00 8.848659992218017578e+00 2.000000000000000000e+01 6.200000000000000000e+01 8.000000000000000444e-01
5.779999999999997584e+00 8.848659992218017578e+00 2.100000000000000000e+01 1.110000000000000000e+02 8.000000000000000444e-01
6.028999999999997250e+00 8.848659992218017578e+00 2.200000000000000000e+01 7.200000000000000000e+01 8.000000000000000444e-01
6.081999999999997186e+00 8.848659992218017578e+00 2.300000000000000000e+01 4.100000000000000000e+01 8.000000000000000444e-01
6.307999999999996277e+00 8.848659992218017578e+00 2.400000000000000000e+01 1.000000000000000000e+01 8.000000000000000444e-01
6.403999999999998138e+00 8.848659992218017578e+00 2.500000000000000000e+01 1.900000000000000000e+01 8.000000000000000444e-01
6.607999999999998764e+00 8.848659992218017578e+00 2.600000000000000000e+01 7.100000000000000000e+01 8.000000000000000444e-01
6.961000000000000298e+00 8.848659992218017578e+00 2.700000000000000000e+01 4.500000000000000000e+01 8.000000000000000444e-01
7.536000000000001364e+00 8.848659992218017578e+00 2.800000000000000000e+01 3.900000000000000000e+01 8.000000000000000444e-01
8.028000000000002245e+00 8.848659992218017578e+00 2.900000000000000000e+01 3.200000000000000000e+01 8.000000000000000444e-01
8.041000000000000369e+00 8.848659992218017578e+00 3.000000000000000000e+01 7.500000000000000000e+01 8.000000000000000444e-01
8.812999999999988177e+00 8.848659992218017578e+00 3.100000000000000000e+01 0.000000000000000000e+00 8.000000000000000444e-01
1.645999999999999686e+00 9.115592718124389648e+00 0.000000000000000000e+00 0.000000000000000000e+00 8.499999999999999778e-01
1.645999999999999686e+00 9.115592718124389648e+00 1.000000000000000000e+00 7.000000000000000000e+00 8.499999999999999778e-01
1.698999999999999622e+00 9.115592718124389648e+00 2.000000000000000000e+00 8.000000000000000000e+00 8.499999999999999778e-01
2.011999999999999567e+00 9.115592718124389648e+00 3.000000000000000000e+00 0.000000000000000000e+00 8.499999999999999778e-01
2.011999999999999567e+00 9.115592718124389648e+00 4.000000000000000000e+00 0.000000000000000000e+00 8.499999999999999778e-01
2.462999999999999190e+00 9.115592718124389648e+00 5.000000000000000000e+00 4.000000000000000000e+00 8.499999999999999778e-01
2.655999999999999250e+00 9.115592718124389648e+00 6.000000000000000000e+00 1.000000000000000000e+01 8.499999999999999778e-01
2.843999999999999417e+00 9.115592718124389648e+00 7.000000000000000000e+00 1.100000000000000000e+01 8.499999999999999778e-01
3.127999999999999226e+00 9.115592718124389648e+00 8.000000000000000000e+00 1.000000000000000000e+01 8.499999999999999778e-01
3.395999999999999019e+00 9.115592718124389648e+00 9.000000000000000000e+00 0.000000000000000000e+00 8.499999999999999778e-01
4.249999999999998224e+00 9.115592718124389648e+00 1.000000000000000000e+01 1.800000000000000000e+01 8.499999999999999778e-01
4.425999999999997492e+00 9.115592718124389648e+00 1.100000000000000000e+01 0.000000000000000000e+00 8.499999999999999778e-01
4.586999999999997080e+00 9.115592718124389648e+00 1.200000000000000000e+01 3.400000000000000000e+01 8.499999999999999778e-01
4.805999999999998273e+00 9.115592718124389648e+00 1.300000000000000000e+01 3.600000000000000000e+01 8.499999999999999778e-01
4.805999999999998273e+00 9.115592718124389648e+00 1.400000000000000000e+01 5.000000000000000000e+00 8.499999999999999778e-01
4.973999999999998423e+00 9.115592718124389648e+00 1.500000000000000000e+01 5.100000000000000000e+01 8.499999999999999778e-01
5.007999999999996454e+00 9.115592718124389648e+00 1.600000000000000000e+01 8.400000000000000000e+01 8.499999999999999778e-01
5.293999999999995154e+00 9.115592718124389648e+00 1.700000000000000000e+01 1.070000000000000000e+02 8.499999999999999778e-01
5.318999999999996398e+00 9.115592718124389648e+00 1.800000000000000000e+01 6.800000000000000000e+01 8.499999999999999778e-01
5.655999999999995254e+00 9.115592718124389648e+00 1.900000000000000000e+01 6.900000000000000000e+01 8.499999999999999778e-01
5.724999999999995204e+00 9.115592718124389648e+00 2.000000000000000000e+01 4.900000000000000000e+01 8.499999999999999778e-01
5.661999999999995481e+00 9.115592718124389648e+00 2.100000000000000000e+01 1.630000000000000000e+02 8.499999999999999778e-01
5.711999999999995303e+00 9.115592718124389648e+00 2.200000000000000000e+01 7.200000000000000000e+01 8.499999999999999778e-01
5.965999999999997527e+00 9.115592718124389648e+00 2.300000000000000000e+01 0.000000000000000000e+00 8.499999999999999778e-01
6.588999999999997748e+00 9.115592718124389648e+00 2.400000000000000000e+01 6.000000000000000000e+01 8.499999999999999778e-01
6.675999999999999268e+00 9.115592718124389648e+00 2.500000000000000000e+01 4.000000000000000000e+01 8.499999999999999778e-01
7.043000000000002814e+00 9.115592718124389648e+00 2.600000000000000000e+01 1.190000000000000000e+02 8.499999999999999778e-01
7.306000000000001826e+00 9.115592718124389648e+00 2.700000000000000000e+01 8.500000000000000000e+01 8.499999999999999778e-01
7.581000000000003070e+00 9.115592718124389648e+00 2.800000000000000000e+01 3.200000000000000000e+01 8.499999999999999778e-01
8.376999999999998892e+00 9.115592718124389648e+00 2.900000000000000000e+01 6.500000000000000000e+01 8.499999999999999778e-01
8.407999999999999474e+00 9.115592718124389648e+00 3.000000000000000000e+01 1.690000000000000000e+02 8.499999999999999778e-01
9.089999999999994529e+00 9.115592718124389648e+00 3.100000000000000000e+01 9.000000000000000000e+00 8.499999999999999778e-01
1.552999999999999714e+00 9.150991916656494141e+00 0.000000000000000000e+00 0.000000000000000000e+00 9.000000000000000222e-01
1.552999999999999714e+00 9.150991916656494141e+00 1.000000000000000000e+00 6.000000000000000000e+00 9.000000000000000222e-01
1.603999999999999648e+00 9.150991916656494141e+00 2.000000000000000000e+00 6.000000000000000000e+00 9.000000000000000222e-01
1.921999999999999487e+00 9.150991916656494141e+00 3.000000000000000000e+00 0.000000000000000000e+00 9.000000000000000222e-01
1.921999999999999487e+00 9.150991916656494141e+00 4.000000000000000000e+00 0.000000000000000000e+00 9.000000000000000222e-01
2.379999999999999893e+00 9.150991916656494141e+00 5.000000000000000000e+00 8.000000000000000000e+00 9.000000000000000222e-01
2.536999999999999922e+00 9.150991916656494141e+00 6.000000000000000000e+00 1.100000000000000000e+01 9.000000000000000222e-01
2.768999999999999684e+00 9.150991916656494141e+00 7.000000000000000000e+00 1.700000000000000000e+01 9.000000000000000222e-01
2.943999999999999506e+00 9.150991916656494141e+00 8.000000000000000000e+00 1.300000000000000000e+01 9.000000000000000222e-01
3.212999999999999190e+00 9.150991916656494141e+00 9.000000000000000000e+00 0.000000000000000000e+00 9.000000000000000222e-01
4.244999999999998330e+00 9.150991916656494141e+00 1.000000000000000000e+01 2.300000000000000000e+01 9.000000000000000222e-01
4.390999999999998238e+00 9.150991916656494141e+00 1.100000000000000000e+01 0.000000000000000000e+00 9.000000000000000222e-01
4.440999999999998948e+00 9.150991916656494141e+00 1.200000000000000000e+01 2.900000000000000000e+01 9.000000000000000222e-01
4.719999999999997975e+00 9.150991916656494141e+00 1.300000000000000000e+01 4.200000000000000000e+01 9.000000000000000222e-01
4.689999999999999503e+00 9.150991916656494141e+00 1.400000000000000000e+01 7.100000000000000000e+01 9.000000000000000222e-01
4.767999999999998018e+00 9.150991916656494141e+00 1.500000000000000000e+01 1.500000000000000000e+01 9.000000000000000222e-01
4.967999999999997307e+00 9.150991916656494141e+00 1.600000000000000000e+01 1.010000000000000000e+02 9.000000000000000222e-01
4.986999999999997435e+00 9.150991916656494141e+00 1.700000000000000000e+01 5.100000000000000000e+01 9.000000000000000222e-01
5.358999999999995545e+00 9.150991916656494141e+00 1.800000000000000000e+01 6.300000000000000000e+01 9.000000000000000222e-01
5.420999999999996710e+00 9.150991916656494141e+00 1.900000000000000000e+01 1.100000000000000000e+02 9.000000000000000222e-01
5.470999999999996533e+00 9.150991916656494141e+00 2.000000000000000000e+01 1.610000000000000000e+02 9.000000000000000222e-01
5.630999999999997563e+00 9.150991916656494141e+00 2.100000000000000000e+01 2.500000000000000000e+01 9.000000000000000222e-01
5.723999999999996646e+00 9.150991916656494141e+00 2.200000000000000000e+01 5.000000000000000000e+01 9.000000000000000222e-01
6.166000000000001258e+00 9.150991916656494141e+00 2.300000000000000000e+01 8.000000000000000000e+01 9.000000000000000222e-01
6.470000000000000639e+00 9.150991916656494141e+00 2.400000000000000000e+01 4.500000000000000000e+01 9.000000000000000222e-01
6.961000000000002963e+00 9.150991916656494141e+00 2.500000000000000000e+01 5.700000000000000000e+01 9.000000000000000222e-01
7.134000000000003006e+00 9.150991916656494141e+00 2.600000000000000000e+01 1.730000000000000000e+02 9.000000000000000222e-01
7.400999999999999801e+00 9.150991916656494141e+00 2.700000000000000000e+01 1.400000000000000000e+01 9.000000000000000222e-01
7.488999999999999879e+00 9.150991916656494141e+00 2.800000000000000000e+01 1.780000000000000000e+02 9.000000000000000222e-01
8.325999999999998735e+00 9.150991916656494141e+00 2.900000000000000000e+01 7.500000000000000000e+01 9.000000000000000222e-01
8.411999999999999034e+00 9.150991916656494141e+00 3.000000000000000000e+01 1.410000000000000000e+02 9.000000000000000222e-01
9.135999999999990351e+00 9.150991916656494141e+00 3.100000000000000000e+01 0.000000000000000000e+00 9.000000000000000222e-01
1.493000000000000105e+00 8.921292781829833984e+00 0.000000000000000000e+00 6.000000000000000000e+00 9.499999999999999556e-01
1.546000000000000041e+00 8.921292781829833984e+00 1.000000000000000000e+00 0.000000000000000000e+00 9.499999999999999556e-01
1.546000000000000041e+00 8.921292781829833984e+00 2.000000000000000000e+00 6.000000000000000000e+00 9.499999999999999556e-01
1.891999999999999904e+00 8.921292781829833984e+00 3.000000000000000000e+00 0.000000000000000000e+00 9.499999999999999556e-01
1.891999999999999904e+00 8.921292781829833984e+00 4.000000000000000000e+00 0.000000000000000000e+00 9.499999999999999556e-01
2.305999999999999606e+00 8.921292781829833984e+00 5.000000000000000000e+00 8.000000000000000000e+00 9.499999999999999556e-01
2.435999999999999499e+00 8.921292781829833984e+00 6.000000000000000000e+00 8.000000000000000000e+00 9.499999999999999556e-01
2.655999999999999250e+00 8.921292781829833984e+00 7.000000000000000000e+00 1.700000000000000000e+01 9.499999999999999556e-01
2.831999999999998963e+00 8.921292781829833984e+00 8.000000000000000000e+00 1.200000000000000000e+01 9.499999999999999556e-01
3.093999999999998973e+00 8.921292781829833984e+00 9.000000000000000000e+00 0.000000000000000000e+00 9.499999999999999556e-01
4.295999999999997598e+00 8.921292781829833984e+00 1.000000000000000000e+01 2.900000000000000000e+01 9.499999999999999556e-01
4.326999999999997293e+00 8.921292781829833984e+00 1.100000000000000000e+01 9.000000000000000000e+00 9.499999999999999556e-01
4.294999999999998153e+00 8.921292781829833984e+00 1.200000000000000000e+01 3.000000000000000000e+01 9.499999999999999556e-01
4.486999999999997435e+00 8.921292781829833984e+00 1.300000000000000000e+01 5.500000000000000000e+01 9.499999999999999556e-01
4.671999999999996156e+00 8.921292781829833984e+00 1.400000000000000000e+01 9.700000000000000000e+01 9.499999999999999556e-01
4.719999999999996199e+00 8.921292781829833984e+00 1.500000000000000000e+01 2.800000000000000000e+01 9.499999999999999556e-01
4.709999999999996412e+00 8.921292781829833984e+00 1.600000000000000000e+01 1.700000000000000000e+01 9.499999999999999556e-01
4.788999999999996149e+00 8.921292781829833984e+00 1.700000000000000000e+01 5.400000000000000000e+01 9.499999999999999556e-01
4.984999999999994991e+00 8.921292781829833984e+00 1.800000000000000000e+01 9.100000000000000000e+01 9.499999999999999556e-01
5.099999999999994316e+00 8.921292781829833984e+00 1.900000000000000000e+01 5.300000000000000000e+01 9.499999999999999556e-01
5.084999999999994635e+00 8.921292781829833984e+00 2.000000000000000000e+01 7.200000000000000000e+01 9.499999999999999556e-01
5.290999999999994152e+00 8.921292781829833984e+00 2.100000000000000000e+01 1.800000000000000000e+01 9.499999999999999556e-01
5.477999999999994429e+00 8.921292781829833984e+00 2.200000000000000000e+01 1.500000000000000000e+01 9.499999999999999556e-01
5.732999999999993435e+00 8.921292781829833984e+00 2.300000000000000000e+01 2.800000000000000000e+01 9.499999999999999556e-01
6.433999999999992170e+00 8.921292781829833984e+00 2.400000000000000000e+01 7.600000000000000000e+01 9.499999999999999556e-01
6.729999999999992433e+00 8.921292781829833984e+00 2.500000000000000000e+01 1.330000000000000000e+02 9.499999999999999556e-01
6.715999999999992198e+00 8.921292781829833984e+00 2.600000000000000000e+01 1.050000000000000000e+02 9.499999999999999556e-01
6.768999999999992134e+00 8.921292781829833984e+00 2.700000000000000000e+01 7.000000000000000000e+01 9.499999999999999556e-01
7.265999999999984027e+00 8.921292781829833984e+00 2.800000000000000000e+01 0.000000000000000000e+00 9.499999999999999556e-01
7.578999999999986414e+00 8.921292781829833984e+00 2.900000000000000000e+01 1.340000000000000000e+02 9.499999999999999556e-01
8.237999999999987111e+00 8.921292781829833984e+00 3.000000000000000000e+01 1.200000000000000000e+01 9.499999999999999556e-01
8.888999999999979806e+00 8.921292781829833984e+00 3.100000000000000000e+01 0.000000000000000000e+00 9.499999999999999556e-01
1.465000000000000080e+00 8.870040893554687500e+00 0.000000000000000000e+00 0.000000000000000000e+00 1.000000000000000000e+00
1.465000000000000080e+00 8.870040893554687500e+00 1.000000000000000000e+00 6.000000000000000000e+00 1.000000000000000000e+00
1.513000000000000123e+00 8.870040893554687500e+00 2.000000000000000000e+00 5.000000000000000000e+00 1.000000000000000000e+00
1.759000000000000341e+00 8.870040893554687500e+00 3.000000000000000000e+00 0.000000000000000000e+00 1.000000000000000000e+00
1.759000000000000341e+00 8.870040893554687500e+00 4.000000000000000000e+00 0.000000000000000000e+00 1.000000000000000000e+00
2.225999999999999979e+00 8.870040893554687500e+00 5.000000000000000000e+00 1.100000000000000000e+01 1.000000000000000000e+00
2.304999999999999716e+00 8.870040893554687500e+00 6.000000000000000000e+00 6.000000000000000000e+00 1.000000000000000000e+00
2.566999999999999726e+00 8.870040893554687500e+00 7.000000000000000000e+00 2.000000000000000000e+01 1.000000000000000000e+00
2.706999999999999407e+00 8.870040893554687500e+00 8.000000000000000000e+00 1.200000000000000000e+01 1.000000000000000000e+00
2.937999999999999279e+00 8.870040893554687500e+00 9.000000000000000000e+00 0.000000000000000000e+00 1.000000000000000000e+00
4.171999999999998820e+00 8.870040893554687500e+00 1.000000000000000000e+01 1.300000000000000000e+01 1.000000000000000000e+00
4.203999999999998849e+00 8.870040893554687500e+00 1.100000000000000000e+01 3.400000000000000000e+01 1.000000000000000000e+00
4.256999999999997897e+00 8.870040893554687500e+00 1.200000000000000000e+01 3.200000000000000000e+01 1.000000000000000000e+00
4.339999999999997193e+00 8.870040893554687500e+00 1.300000000000000000e+01 6.400000000000000000e+01 1.000000000000000000e+00
4.494999999999998330e+00 8.870040893554687500e+00 1.400000000000000000e+01 1.060000000000000000e+02 1.000000000000000000e+00
4.590999999999996639e+00 8.870040893554687500e+00 1.500000000000000000e+01 6.300000000000000000e+01 1.000000000000000000e+00
4.688999999999998280e+00 8.870040893554687500e+00 1.600000000000000000e+01 1.900000000000000000e+01 1.000000000000000000e+00
4.856999999999997542e+00 8.870040893554687500e+00 1.700000000000000000e+01 5.300000000000000000e+01 1.000000000000000000e+00
4.830999999999997740e+00 8.870040893554687500e+00 1.800000000000000000e+01 7.200000000000000000e+01 1.000000000000000000e+00
4.844999999999996199e+00 8.870040893554687500e+00 1.900000000000000000e+01 9.100000000000000000e+01 1.000000000000000000e+00
5.096999999999997755e+00 8.870040893554687500e+00 2.000000000000000000e+01 5.100000000000000000e+01 1.000000000000000000e+00
5.139999999999994351e+00 8.870040893554687500e+00 2.100000000000000000e+01 3.900000000000000000e+01 1.000000000000000000e+00
5.243999999999994444e+00 8.870040893554687500e+00 2.200000000000000000e+01 6.000000000000000000e+00 1.000000000000000000e+00
6.086999999999993527e+00 8.870040893554687500e+00 2.300000000000000000e+01 9.500000000000000000e+01 1.000000000000000000e+00
6.229999999999995097e+00 8.870040893554687500e+00 2.400000000000000000e+01 8.000000000000000000e+01 1.000000000000000000e+00
6.458999999999993413e+00 8.870040893554687500e+00 2.500000000000000000e+01 6.700000000000000000e+01 1.000000000000000000e+00
6.753999999999992454e+00 8.870040893554687500e+00 2.600000000000000000e+01 7.800000000000000000e+01 1.000000000000000000e+00
7.108999999999991992e+00 8.870040893554687500e+00 2.700000000000000000e+01 7.600000000000000000e+01 1.000000000000000000e+00
7.138999999999991353e+00 8.870040893554687500e+00 2.800000000000000000e+01 1.060000000000000000e+02 1.000000000000000000e+00
7.759999999999991793e+00 8.870040893554687500e+00 2.900000000000000000e+01 3.900000000000000000e+01 1.000000000000000000e+00
8.096999999999992426e+00 8.870040893554687500e+00 3.000000000000000000e+01 2.400000000000000000e+01 1.000000000000000000e+00
8.857999999999972118e+00 8.870040893554687500e+00 3.100000000000000000e+01 0.000000000000000000e+00 1.000000000000000000e+00
1.408999999999999808e+00 8.859227657318115234e+00 0.000000000000000000e+00 0.000000000000000000e+00 1.050000000000000044e+00
1.408999999999999808e+00 8.859227657318115234e+00 1.000000000000000000e+00 5.000000000000000000e+00 1.050000000000000044e+00
1.500999999999999890e+00 8.859227657318115234e+00 2.000000000000000000e+00 4.000000000000000000e+00 1.050000000000000044e+00
1.677999999999999936e+00 8.859227657318115234e+00 3.000000000000000000e+00 0.000000000000000000e+00 1.050000000000000044e+00
1.752000000000000002e+00 8.859227657318115234e+00 4.000000000000000000e+00 0.000000000000000000e+00 1.050000000000000044e+00
2.137999999999999901e+00 8.859227657318115234e+00 5.000000000000000000e+00 1.000000000000000000e+01 1.050000000000000044e+00
2.193000000000000060e+00 8.859227657318115234e+00 6.000000000000000000e+00 4.000000000000000000e+00 1.050000000000000044e+00
2.453000000000000291e+00 8.859227657318115234e+00 7.000000000000000000e+00 1.700000000000000000e+01 1.050000000000000044e+00
2.571000000000000174e+00 8.859227657318115234e+00 8.000000000000000000e+00 9.000000000000000000e+00 1.050000000000000044e+00
2.810999999999999499e+00 8.859227657318115234e+00 9.000000000000000000e+00 0.000000000000000000e+00 1.050000000000000044e+00
4.005999999999997563e+00 8.859227657318115234e+00 1.000000000000000000e+01 1.700000000000000000e+01 1.050000000000000044e+00
4.065999999999997172e+00 8.859227657318115234e+00 1.100000000000000000e+01 3.500000000000000000e+01 1.050000000000000044e+00
4.119999999999997442e+00 8.859227657318115234e+00 1.200000000000000000e+01 2.900000000000000000e+01 1.050000000000000044e+00
4.143999999999998352e+00 8.859227657318115234e+00 1.300000000000000000e+01 6.600000000000000000e+01 1.050000000000000044e+00
4.365999999999996994e+00 8.859227657318115234e+00 1.400000000000000000e+01 1.380000000000000000e+02 1.050000000000000044e+00
4.413999999999997037e+00 8.859227657318115234e+00 1.500000000000000000e+01 1.600000000000000000e+01 1.050000000000000044e+00
4.380999999999997563e+00 8.859227657318115234e+00 1.600000000000000000e+01 5.800000000000000000e+01 1.050000000000000044e+00
4.590999999999996639e+00 8.859227657318115234e+00 1.700000000000000000e+01 5.800000000000000000e+01 1.050000000000000044e+00
4.592999999999996419e+00 8.859227657318115234e+00 1.800000000000000000e+01 9.500000000000000000e+01 1.050000000000000044e+00
4.696999999999995623e+00 8.859227657318115234e+00 1.900000000000000000e+01 7.600000000000000000e+01 1.050000000000000044e+00
4.886999999999995126e+00 8.859227657318115234e+00 2.000000000000000000e+01 5.200000000000000000e+01 1.050000000000000044e+00
4.910999999999995147e+00 8.859227657318115234e+00 2.100000000000000000e+01 6.000000000000000000e+00 1.050000000000000044e+00
5.307999999999996277e+00 8.859227657318115234e+00 2.200000000000000000e+01 6.800000000000000000e+01 1.050000000000000044e+00
5.867999999999997662e+00 8.859227657318115234e+00 2.300000000000000000e+01 8.000000000000000000e+01 1.050000000000000044e+00
6.044999999999999041e+00 8.859227657318115234e+00 2.400000000000000000e+01 6.800000000000000000e+01 1.050000000000000044e+00
6.213999999999999524e+00 8.859227657318115234e+00 2.500000000000000000e+01 1.190000000000000000e+02 1.050000000000000044e+00
6.252000000000000668e+00 8.859227657318115234e+00 2.600000000000000000e+01 5.500000000000000000e+01 1.050000000000000044e+00
6.767000000000003013e+00 8.859227657318115234e+00 2.700000000000000000e+01 9.700000000000000000e+01 1.050000000000000044e+00
6.836000000000002963e+00 8.859227657318115234e+00 2.800000000000000000e+01 6.000000000000000000e+01 1.050000000000000044e+00
7.683000000000006935e+00 8.859227657318115234e+00 2.900000000000000000e+01 0.000000000000000000e+00 1.050000000000000044e+00
7.682000000000005713e+00 8.859227657318115234e+00 3.000000000000000000e+01 4.200000000000000000e+01 1.050000000000000044e+00
8.816999999999998394e+00 8.859227657318115234e+00 3.100000000000000000e+01 0.000000000000000000e+00 1.050000000000000044e+00
1.365000000000000213e+00 8.851473331451416016e+00 0.000000000000000000e+00 0.000000000000000000e+00 1.100000000000000089e+00
1.365000000000000213e+00 8.851473331451416016e+00 1.000000000000000000e+00 6.000000000000000000e+00 1.100000000000000089e+00
1.423000000000000265e+00 8.851473331451416016e+00 2.000000000000000000e+00 6.000000000000000000e+00 1.100000000000000089e+00
1.651000000000000245e+00 8.851473331451416016e+00 3.000000000000000000e+00 0.000000000000000000e+00 1.100000000000000089e+00
1.651000000000000245e+00 8.851473331451416016e+00 4.000000000000000000e+00 0.000000000000000000e+00 1.100000000000000089e+00
2.112000000000000544e+00 8.851473331451416016e+00 5.000000000000000000e+00 1.400000000000000000e+01 1.100000000000000089e+00
2.155000000000000693e+00 8.851473331451416016e+00 6.000000000000000000e+00 6.000000000000000000e+00 1.100000000000000089e+00
2.420000000000000817e+00 8.851473331451416016e+00 7.000000000000000000e+00 2.400000000000000000e+01 1.100000000000000089e+00
2.489000000000000767e+00 8.851473331451416016e+00 8.000000000000000000e+00 1.300000000000000000e+01 1.100000000000000089e+00
2.729000000000000092e+00 8.851473331451416016e+00 9.000000000000000000e+00 0.000000000000000000e+00 1.100000000000000089e+00
3.897999999999996579e+00 8.851473331451416016e+00 1.000000000000000000e+01 3.200000000000000000e+01 1.100000000000000089e+00
3.930999999999996497e+00 8.851473331451416016e+00 1.100000000000000000e+01 1.900000000000000000e+01 1.100000000000000089e+00
4.019999999999996021e+00 8.851473331451416016e+00 1.200000000000000000e+01 8.500000000000000000e+01 1.100000000000000089e+00
4.096999999999996867e+00 8.851473331451416016e+00 1.300000000000000000e+01 2.700000000000000000e+01 1.100000000000000089e+00
4.263999999999996682e+00 8.851473331451416016e+00 1.400000000000000000e+01 1.560000000000000000e+02 1.100000000000000089e+00
4.308999999999996611e+00 8.851473331451416016e+00 1.500000000000000000e+01 2.000000000000000000e+01 1.100000000000000089e+00
4.233999999999996433e+00 8.851473331451416016e+00 1.600000000000000000e+01 5.200000000000000000e+01 1.100000000000000089e+00
4.422999999999996490e+00 8.851473331451416016e+00 1.700000000000000000e+01 6.100000000000000000e+01 1.100000000000000089e+00
4.526999999999995694e+00 8.851473331451416016e+00 1.800000000000000000e+01 9.600000000000000000e+01 1.100000000000000089e+00
4.508999999999995900e+00 8.851473331451416016e+00 1.900000000000000000e+01 9.600000000000000000e+01 1.100000000000000089e+00
4.791999999999995374e+00 8.851473331451416016e+00 2.000000000000000000e+01 8.000000000000000000e+00 1.100000000000000089e+00
4.981999999999995765e+00 8.851473331451416016e+00 2.100000000000000000e+01 1.090000000000000000e+02 1.100000000000000089e+00
5.846999999999993314e+00 8.851473331451416016e+00 2.200000000000000000e+01 7.300000000000000000e+01 1.100000000000000089e+00
5.891999999999993243e+00 8.851473331451416016e+00 2.300000000000000000e+01 2.300000000000000000e+02 1.100000000000000089e+00
5.899999999999993250e+00 8.851473331451416016e+00 2.400000000000000000e+01 4.000000000000000000e+01 1.100000000000000089e+00
6.613999999999990997e+00 8.851473331451416016e+00 2.500000000000000000e+01 1.450000000000000000e+02 1.100000000000000089e+00
6.686999999999990507e+00 8.851473331451416016e+00 2.600000000000000000e+01 3.100000000000000000e+01 1.100000000000000089e+00
7.511999999999987132e+00 8.851473331451416016e+00 2.700000000000000000e+01 0.000000000000000000e+00 1.100000000000000089e+00
7.561999999999986066e+00 8.851473331451416016e+00 2.800000000000000000e+01 1.220000000000000000e+02 1.100000000000000089e+00
7.656999999999986706e+00 8.851473331451416016e+00 2.900000000000000000e+01 1.530000000000000000e+02 1.100000000000000089e+00
8.478999999999984993e+00 8.851473331451416016e+00 3.000000000000000000e+01 1.240000000000000000e+02 1.100000000000000089e+00
8.829999999999982307e+00 8.851473331451416016e+00 3.100000000000000000e+01 0.000000000000000000e+00 1.100000000000000089e+00
1.329000000000000181e+00 8.859898567199707031e+00 0.000000000000000000e+00 0.000000000000000000e+00 1.149999999999999911e+00
1.329000000000000181e+00 8.859898567199707031e+00 1.000000000000000000e+00 6.000000000000000000e+00 1.149999999999999911e+00
1.380000000000000115e+00 8.859898567199707031e+00 2.000000000000000000e+00 5.000000000000000000e+00 1.149999999999999911e+00
1.616000000000000103e+00 8.859898567199707031e+00 3.000000000000000000e+00 0.000000000000000000e+00 1.149999999999999911e+00
1.616000000000000103e+00 8.859898567199707031e+00 4.000000000000000000e+00 0.000000000000000000e+00 1.149999999999999911e+00
2.080000000000000071e+00 8.859898567199707031e+00 5.000000000000000000e+00 1.600000000000000000e+01 1.149999999999999911e+00
2.080000000000000071e+00 8.859898567199707031e+00 6.000000000000000000e+00 7.000000000000000000e+00 1.149999999999999911e+00
2.342999999999999972e+00 8.859898567199707031e+00 7.000000000000000000e+00 2.300000000000000000e+01 1.149999999999999911e+00
2.379999999999999893e+00 8.859898567199707031e+00 8.000000000000000000e+00 1.300000000000000000e+01 1.149999999999999911e+00
2.610000000000000320e+00 8.859898567199707031e+00 9.000000000000000000e+00 0.000000000000000000e+00 1.149999999999999911e+00
3.783999999999998920e+00 8.859898567199707031e+00 1.000000000000000000e+01 2.800000000000000000e+01 1.149999999999999911e+00
3.842999999999999083e+00 8.859898567199707031e+00 1.100000000000000000e+01 1.700000000000000000e+01 1.149999999999999911e+00
3.841999999999999194e+00 8.859898567199707031e+00 1.200000000000000000e+01 9.500000000000000000e+01 1.149999999999999911e+00
3.989999999999999325e+00 8.859898567199707031e+00 1.300000000000000000e+01 1.200000000000000000e+01 1.149999999999999911e+00
4.059999999999998721e+00 8.859898567199707031e+00 1.400000000000000000e+01 4.800000000000000000e+01 1.149999999999999911e+00
4.149999999999998579e+00 8.859898567199707031e+00 1.500000000000000000e+01 1.600000000000000000e+02 1.149999999999999911e+00
4.240999999999998771e+00 8.859898567199707031e+00 1.600000000000000000e+01 5.000000000000000000e+01 1.149999999999999911e+00
4.342999999999999083e+00 8.859898567199707031e+00 1.700000000000000000e+01 1.140000000000000000e+02 1.149999999999999911e+00
4.386999999999998678e+00 8.859898567199707031e+00 1.800000000000000000e+01 9.700000000000000000e+01 1.149999999999999911e+00
4.592999999999999972e+00 8.859898567199707031e+00 1.900000000000000000e+01 9.000000000000000000e+00 1.149999999999999911e+00
4.840999999999999304e+00 8.859898567199707031e+00 2.000000000000000000e+01 1.090000000000000000e+02 1.149999999999999911e+00
4.868999999999999773e+00 8.859898567199707031e+00 2.100000000000000000e+01 4.800000000000000000e+01 1.149999999999999911e+00
5.064999999999999503e+00 8.859898567199707031e+00 2.200000000000000000e+01 1.140000000000000000e+02 1.149999999999999911e+00
5.738999999999999879e+00 8.859898567199707031e+00 2.300000000000000000e+01 6.700000000000000000e+01 1.149999999999999911e+00
5.894999999999996909e+00 8.859898567199707031e+00 2.400000000000000000e+01 3.100000000000000000e+01 1.149999999999999911e+00
6.476999999999996760e+00 8.859898567199707031e+00 2.500000000000000000e+01 2.190000000000000000e+02 1.149999999999999911e+00
6.522999999999997023e+00 8.859898567199707031e+00 2.600000000000000000e+01 3.100000000000000000e+01 1.149999999999999911e+00
6.886999999999999567e+00 8.859898567199707031e+00 2.700000000000000000e+01 9.400000000000000000e+01 1.149999999999999911e+00
7.207999999999999297e+00 8.859898567199707031e+00 2.800000000000000000e+01 0.000000000000000000e+00 1.149999999999999911e+00
7.772999999999999687e+00 8.859898567199707031e+00 2.900000000000000000e+01 1.560000000000000000e+02 1.149999999999999911e+00
7.958000000000001073e+00 8.859898567199707031e+00 3.000000000000000000e+01 2.900000000000000000e+01 1.149999999999999911e+00
8.838999999999986201e+00 8.859898567199707031e+00 3.100000000000000000e+01 0.000000000000000000e+00 1.149999999999999911e+00
1.306000000000000050e+00 8.858953952789306641e+00 0.000000000000000000e+00 0.000000000000000000e+00 1.199999999999999956e+00
1.306000000000000050e+00 8.858953952789306641e+00 1.000000000000000000e+00 6.000000000000000000e+00 1.199999999999999956e+00
1.306000000000000050e+00 8.858953952789306641e+00 2.000000000000000000e+00 5.000000000000000000e+00 1.199999999999999956e+00
1.536000000000000254e+00 8.858953952789306641e+00 3.000000000000000000e+00 0.000000000000000000e+00 1.199999999999999956e+00
1.536000000000000254e+00 8.858953952789306641e+00 4.000000000000000000e+00 0.000000000000000000e+00 1.199999999999999956e+00
1.982000000000000206e+00 8.858953952789306641e+00 5.000000000000000000e+00 3.000000000000000000e+00 1.199999999999999956e+00
2.055000000000000160e+00 8.858953952789306641e+00 6.000000000000000000e+00 1.200000000000000000e+01 1.199999999999999956e+00
2.252000000000000224e+00 8.858953952789306641e+00 7.000000000000000000e+00 1.300000000000000000e+01 1.199999999999999956e+00
2.319000000000000394e+00 8.858953952789306641e+00 8.000000000000000000e+00 5.000000000000000000e+00 1.199999999999999956e+00
2.550000000000000266e+00 8.858953952789306641e+00 9.000000000000000000e+00 0.000000000000000000e+00 1.199999999999999956e+00
3.668000000000000593e+00 8.858953952789306641e+00 1.000000000000000000e+01 2.600000000000000000e+01 1.199999999999999956e+00
3.574000000000000732e+00 8.858953952789306641e+00 1.100000000000000000e+01 5.200000000000000000e+01 1.199999999999999956e+00
3.831000000000000849e+00 8.858953952789306641e+00 1.200000000000000000e+01 2.300000000000000000e+01 1.199999999999999956e+00
3.858000000000000984e+00 8.858953952789306641e+00 1.300000000000000000e+01 9.500000000000000000e+01 1.199999999999999956e+00
3.894000000000001460e+00 8.858953952789306641e+00 1.400000000000000000e+01 5.100000000000000000e+01 1.199999999999999956e+00
3.957000000000001183e+00 8.858953952789306641e+00 1.500000000000000000e+01 6.300000000000000000e+01 1.199999999999999956e+00
4.023000000000000576e+00 8.858953952789306641e+00 1.600000000000000000e+01 3.200000000000000000e+01 1.199999999999999956e+00
4.132000000000000561e+00 8.858953952789306641e+00 1.700000000000000000e+01 4.700000000000000000e+01 1.199999999999999956e+00
4.241999999999999105e+00 8.858953952789306641e+00 1.800000000000000000e+01 1.000000000000000000e+01 1.199999999999999956e+00
4.193999999999999062e+00 8.858953952789306641e+00 1.900000000000000000e+01 1.600000000000000000e+01 1.199999999999999956e+00
5.063999999999999169e+00 8.858953952789306641e+00 2.000000000000000000e+01 5.100000000000000000e+01 1.199999999999999956e+00
5.044999999999999041e+00 8.858953952789306641e+00 2.100000000000000000e+01 4.300000000000000000e+01 1.199999999999999956e+00
5.213999999999997748e+00 8.858953952789306641e+00 2.200000000000000000e+01 4.100000000000000000e+01 1.199999999999999956e+00
5.633999999999995900e+00 8.858953952789306641e+00 2.300000000000000000e+01 1.120000000000000000e+02 1.199999999999999956e+00
5.946999999999996511e+00 8.858953952789306641e+00 2.400000000000000000e+01 7.600000000000000000e+01 1.199999999999999956e+00
6.144999999999998685e+00 8.858953952789306641e+00 2.500000000000000000e+01 8.100000000000000000e+01 1.199999999999999956e+00
6.436999999999998501e+00 8.858953952789306641e+00 2.600000000000000000e+01 5.000000000000000000e+01 1.199999999999999956e+00
6.770000000000000462e+00 8.858953952789306641e+00 2.700000000000000000e+01 7.800000000000000000e+01 1.199999999999999956e+00
6.775000000000000355e+00 8.858953952789306641e+00 2.800000000000000000e+01 5.200000000000000000e+01 1.199999999999999956e+00
7.239999999999999325e+00 8.858953952789306641e+00 2.900000000000000000e+01 1.000000000000000000e+00 1.199999999999999956e+00
7.645000000000000462e+00 8.858953952789306641e+00 3.000000000000000000e+01 0.000000000000000000e+00 1.199999999999999956e+00
8.796999999999991715e+00 8.858953952789306641e+00 3.100000000000000000e+01 0.000000000000000000e+00 1.199999999999999956e+00
1.236000000000000210e+00 8.866570949554443359e+00 0.000000000000000000e+00 0.000000000000000000e+00 1.250000000000000000e+00
1.236000000000000210e+00 8.866570949554443359e+00 1.000000000000000000e+00 5.000000000000000000e+00 1.250000000000000000e+00
1.303000000000000158e+00 8.866570949554443359e+00 2.000000000000000000e+00 4.000000000000000000e+00 1.250000000000000000e+00
1.502000000000000002e+00 8.866570949554443359e+00 3.000000000000000000e+00 0.000000000000000000e+00 1.250000000000000000e+00
1.502000000000000002e+00 8.866570949554443359e+00 4.000000000000000000e+00 0.000000000000000000e+00 1.250000000000000000e+00
1.920999999999999597e+00 8.866570949554443359e+00 5.000000000000000000e+00 4.000000000000000000e+00 1.250000000000000000e+00
1.995999999999999552e+00 8.866570949554443359e+00 6.000000000000000000e+00 1.600000000000000000e+01 1.250000000000000000e+00
2.196999999999999176e+00 8.866570949554443359e+00 7.000000000000000000e+00 2.100000000000000000e+01 1.250000000000000000e+00
2.231999999999999318e+00 8.866570949554443359e+00 8.000000000000000000e+00 1.200000000000000000e+01 1.250000000000000000e+00
2.457999999999999741e+00 8.866570949554443359e+00 9.000000000000000000e+00 0.000000000000000000e+00 1.250000000000000000e+00
3.607999999999995655e+00 8.866570949554443359e+00 1.000000000000000000e+01 3.400000000000000000e+01 1.250000000000000000e+00
3.561999999999995836e+00 8.866570949554443359e+00 1.100000000000000000e+01 9.300000000000000000e+01 1.250000000000000000e+00
3.702999999999995406e+00 8.866570949554443359e+00 1.200000000000000000e+01 3.700000000000000000e+01 1.250000000000000000e+00
3.859999999999994547e+00 8.866570949554443359e+00 1.300000000000000000e+01 1.610000000000000000e+02 1.250000000000000000e+00
3.774999999999994582e+00 8.866570949554443359e+00 1.400000000000000000e+01 5.100000000000000000e+01 1.250000000000000000e+00
3.937999999999994394e+00 8.866570949554443359e+00 1.500000000000000000e+01 5.700000000000000000e+01 1.250000000000000000e+00
3.890999999999994241e+00 8.866570949554443359e+00 1.600000000000000000e+01 9.700000000000000000e+01 1.250000000000000000e+00
4.102999999999992653e+00 8.866570949554443359e+00 1.700000000000000000e+01 9.600000000000000000e+01 1.250000000000000000e+00
4.114999999999994884e+00 8.866570949554443359e+00 1.800000000000000000e+01 2.000000000000000000e+01 1.250000000000000000e+00
4.172999999999993825e+00 8.866570949554443359e+00 1.900000000000000000e+01 2.700000000000000000e+01 1.250000000000000000e+00
5.064999999999989733e+00 8.866570949554443359e+00 2.000000000000000000e+01 4.800000000000000000e+01 1.250000000000000000e+00
5.254999999999990123e+00 8.866570949554443359e+00 2.100000000000000000e+01 5.400000000000000000e+01 1.250000000000000000e+00
5.239999999999991331e+00 8.866570949554443359e+00 2.200000000000000000e+01 7.500000000000000000e+01 1.250000000000000000e+00
5.557999999999992724e+00 8.866570949554443359e+00 2.300000000000000000e+01 3.700000000000000000e+01 1.250000000000000000e+00
5.881999999999989903e+00 8.866570949554443359e+00 2.400000000000000000e+01 7.200000000000000000e+01 1.250000000000000000e+00
6.038999999999988155e+00 8.866570949554443359e+00 2.500000000000000000e+01 7.800000000000000000e+01 1.250000000000000000e+00
6.219999999999986429e+00 8.866570949554443359e+00 2.600000000000000000e+01 1.000000000000000000e+02 1.250000000000000000e+00
6.657999999999982599e+00 8.866570949554443359e+00 2.700000000000000000e+01 8.600000000000000000e+01 1.250000000000000000e+00
6.731999999999981554e+00 8.866570949554443359e+00 2.800000000000000000e+01 2.700000000000000000e+01 1.250000000000000000e+00
7.440999999999982073e+00 8.866570949554443359e+00 2.900000000000000000e+01 2.100000000000000000e+01 1.250000000000000000e+00
7.667999999999982386e+00 8.866570949554443359e+00 3.000000000000000000e+01 0.000000000000000000e+00 1.250000000000000000e+00
8.847999999999967002e+00 8.866570949554443359e+00 3.100000000000000000e+01 0.000000000000000000e+00 1.250000000000000000e+00
