1.477999999999999980e+00 8.859102249145507812e+00 0.000000000000000000e+00 0.000000000000000000e+00 7.500000000000000000e-01
1.477999999999999980e+00 8.859102249145507812e+00 1.000000000000000000e+00 7.000000000000000000e+00 7.500000000000000000e-01
1.477999999999999980e+00 8.859102249145507812e+00 2.000000000000000000e+00 7.000000000000000000e+00 7.500000000000000000e-01
1.781000000000000139e+00 8.859102249145507812e+00 3.000000000000000000e+00 0.000000000000000000e+00 7.500000000000000000e-01
1.781000000000000139e+00 8.859102249145507812e+00 4.000000000000000000e+00 0.000000000000000000e+00 7.500000000000000000e-01
2.238999999999999879e+00 8.859102249145507812e+00 5.000000000000000000e+00 1.200000000000000000e+01 7.500000000000000000e-01
2.319999999999999840e+00 8.859102249145507812e+00 6.000000000000000000e+00 8.000000000000000000e+00 7.500000000000000000e-01
2.587999999999999190e+00 8.859102249145507812e+00 7.000000000000000000e+00 2.200000000000000000e+01 7.500000000000000000e-01
2.688999999999999169e+00 8.859102249145507812e+00 8.000000000000000000e+00 1.300000000000000000e+01 7.500000000000000000e-01
2.927999999999999048e+00 8.859102249145507812e+00 9.000000000000000000e+00 0.000000000000000000e+00 7.500000000000000000e-01
4.177999999999996383e+00 8.859102249145507812e+00 1.000000000000000000e+01 1.300000000000000000e+01 7.500000000000000000e-01
4.205999999999995964e+00 8.859102249145507812e+00 1.100000000000000000e+01 3.400000000000000000e+01 7.500000000000000000e-01
4.266999999999995907e+00 8.859102249145507812e+00 1.200000000000000000e+01 3.000000000000000000e+01 7.500000000000000000e-01
4.358999999999995545e+00 8.859102249145507812e+00 1.300000000000000000e+01 6.200000000000000000e+01 7.500000000000000000e-01
4.493999999999995332e+00 8.859102249145507812e+00 1.400000000000000000e+01 1.040000000000000000e+02 7.500000000000000000e-01
4.668999999999994266e+00 8.859102249145507812e+00 1.500000000000000000e+01 1.600000000000000000e+01 7.500000000000000000e-01
4.610999999999994436e+00 8.859102249145507812e+00 1.600000000000000000e+01 6.100000000000000000e+01 7.500000000000000000e-01
4.853999999999992099e+00 8.859102249145507812e+00 1.700000000000000000e+01 5.200000000000000000e+01 7.500000000000000000e-01
4.797999999999992049e+00 8.859102249145507812e+00 1.800000000000000000e+01 7.400000000000000000e+01 7.500000000000000000e-01
4.816999999999992177e+00 8.859102249145507812e+00 1.900000000000000000e+01 8.800000000000000000e+01 7.500000000000000000e-01
5.097999999999992760e+00 8.859102249145507812e+00 2.000000000000000000e+01 5.300000000000000000e+01 7.500000000000000000e-01
5.110999999999992660e+00 8.859102249145507812e+00 2.100000000000000000e+01 3.800000000000000000e+01 7.500000000000000000e-01
5.231999999999993101e+00 8.859102249145507812e+00 2.200000000000000000e+01 6.000000000000000000e+00 7.500000000000000000e-01
6.067999999999991623e+00 8.859102249145507812e+00 2.300000000000000000e+01 9.400000000000000000e+01 7.500000000000000000e-01
6.222999999999990983e+00 8.859102249145507812e+00 2.400000000000000000e+01 7.500000000000000000e+01 7.500000000000000000e-01
6.421999999999990827e+00 8.859102249145507812e+00 2.500000000000000000e+01 5.800000000000000000e+01 7.500000000000000000e-01
6.763999999999992241e+00 8.859102249145507812e+00 2.600000000000000000e+01 7.600000000000000000e+01 7.500000000000000000e-01
7.109999999999990550e+00 8.859102249145507812e+00 2.700000000000000000e+01 9.600000000000000000e+01 7.500000000000000000e-01
7.124999999999990230e+00 8.859102249145507812e+00 2.800000000000000000e+01 7.500000000000000000e+01 7.500000000000000000e-01
7.776999999999987701e+00 8.859102249145507812e+00 2.900000000000000000e+01 3.600000000000000000e+01 7.500000000000000000e-01
8.038999999999987267e+00 8.859102249145507812e+00 3.000000000000000000e+01 2.000000000000000000e+01 7.500000000000000000e-01
8.840999999999992198e+00 8.859102249145507812e+00 3.100000000000000000e+01 0.000000000000000000e+00 7.500000000000000000e-01
1.432000000000000162e+00 8.729984521865844727e+00 0.000000000000000000e+00 0.000000000000000000e+00 8.000000000000000444e-01
1.432000000000000162e+00 8.729984521865844727e+00 1.000000000000000000e+00 5.000000000000000000e+00 8.000000000000000444e-01
1.481000000000000094e+00 8.729984521865844727e+00 2.000000000000000000e+00 5.000000000000000000e+00 8.000000000000000444e-01
1.798999999999999932e+00 8.729984521865844727e+00 3.000000000000000000e+00 0.000000000000000000e+00 8.000000000000000444e-01
1.798999999999999932e+00 8.729984521865844727e+00 4.000000000000000000e+00 0.000000000000000000e+00 8.000000000000000444e-01
2.154999999999999805e+00 8.729984521865844727e+00 5.000000000000000000e+00 5.000000000000000000e+00 8.000000000000000444e-01
2.305000000000000160e+00 8.729984521865844727e+00 6.000000000000000000e+00 5.000000000000000000e+00 8.000000000000000444e-01
2.459000000000000075e+00 8.729984521865844727e+00 7.000000000000000000e+00 5.000000000000000000e+00 8.000000000000000444e-01
2.639999999999999680e+00 8.729984521865844727e+00 8.000000000000000000e+00 4.000000000000000000e+00 8.000000000000000444e-01
2.895999999999999908e+00 8.729984521865844727e+00 9.000000000000000000e+00 0.000000000000000000e+00 8.000000000000000444e-01
4.058999999999999275e+00 8.729984521865844727e+00 1.000000000000000000e+01 1.100000000000000000e+01 8.000000000000000444e-01
4.077999999999998515e+00 8.729984521865844727e+00 1.100000000000000000e+01 2.300000000000000000e+01 8.000000000000000444e-01
4.201999999999998181e+00 8.729984521865844727e+00 1.200000000000000000e+01 2.800000000000000000e+01 8.000000000000000444e-01
4.128999999999999559e+00 8.729984521865844727e+00 1.300000000000000000e+01 5.300000000000000000e+01 8.000000000000000444e-01
4.462999999999998302e+00 8.729984521865844727e+00 1.400000000000000000e+01 2.700000000000000000e+01 8.000000000000000444e-01
4.533999999999998032e+00 8.729984521865844727e+00 1.500000000000000000e+01 1.320000000000000000e+02 8.000000000000000444e-01
4.479999999999999538e+00 8.729984521865844727e+00 1.600000000000000000e+01 7.600000000000000000e+01 8.000000000000000444e-01
4.559999999999999609e+00 8.729984521865844727e+00 1.700000000000000000e+01 4.700000000000000000e+01 8.000000000000000444e-01
4.667999999999998373e+00 8.729984521865844727e+00 1.800000000000000000e+01 4.800000000000000000e+01 8.000000000000000444e-01
4.852999999999998870e+00 8.729984521865844727e+00 1.900000000000000000e+01 5.400000000000000000e+01 8.000000000000000444e-01
4.897000000000002018e+00 8.729984521865844727e+00 2.000000000000000000e+01 3.100000000000000000e+01 8.000000000000000444e-01
5.091000000000000192e+00 8.729984521865844727e+00 2.100000000000000000e+01 5.000000000000000000e+01 8.000000000000000444e-01
5.041000000000001258e+00 8.729984521865844727e+00 2.200000000000000000e+01 9.000000000000000000e+00 8.000000000000000444e-01
6.010999999999994792e+00 8.729984521865844727e+00 2.300000000000000000e+01 8.700000000000000000e+01 8.000000000000000444e-01
6.075999999999996071e+00 8.729984521865844727e+00 2.400000000000000000e+01 5.700000000000000000e+01 8.000000000000000444e-01
6.328999999999995296e+00 8.729984521865844727e+00 2.500000000000000000e+01 5.600000000000000000e+01 8.000000000000000444e-01
6.424999999999994493e+00 8.729984521865844727e+00 2.600000000000000000e+01 9.800000000000000000e+01 8.000000000000000444e-01
6.978999999999990322e+00 8.729984521865844727e+00 2.700000000000000000e+01 8.900000000000000000e+01 8.000000000000000444e-01
7.160999999999990706e+00 8.729984521865844727e+00 2.800000000000000000e+01 1.400000000000000000e+02 8.000000000000000444e-01
7.847999999999988319e+00 8.729984521865844727e+00 2.900000000000000000e+01 1.400000000000000000e+01 8.000000000000000444e-01
7.943999999999989292e+00 8.729984521865844727e+00 3.000000000000000000e+01 6.800000000000000000e+01 8.000000000000000444e-01
8.774999999999979039e+00 8.729984521865844727e+00 3.100000000000000000e+01 0.000000000000000000e+00 8.000000000000000444e-01
1.429000000000000048e+00 8.758172988891601562e+00 0.000000000000000000e+00 0.000000000000000000e+00 8.499999999999999778e-01
1.429000000000000048e+00 8.758172988891601562e+00 1.000000000000000000e+00 6.000000000000000000e+00 8.499999999999999778e-01
1.475999999999999979e+00 8.758172988891601562e+00 2.000000000000000000e+00 6.000000000000000000e+00 8.499999999999999778e-01
1.760999999999999899e+00 8.758172988891601562e+00 3.000000000000000000e+00 0.000000000000000000e+00 8.499999999999999778e-01
1.760999999999999899e+00 8.758172988891601562e+00 4.000000000000000000e+00 0.000000000000000000e+00 8.499999999999999778e-01
2.215999999999999748e+00 8.758172988891601562e+00 5.000000000000000000e+00 1.300000000000000000e+01 8.499999999999999778e-01
2.290999999999999481e+00 8.758172988891601562e+00 6.000000000000000000e+00 9.000000000000000000e+00 8.499999999999999778e-01
2.561999999999998945e+00 8.758172988891601562e+00 7.000000000000000000e+00 2.200000000000000000e+01 8.499999999999999778e-01
2.690999999999999392e+00 8.758172988891601562e+00 8.000000000000000000e+00 1.300000000000000000e+01 8.499999999999999778e-01
2.924999999999999378e+00 8.758172988891601562e+00 9.000000000000000000e+00 0.000000000000000000e+00 8.499999999999999778e-01
4.126999999999998892e+00 8.758172988891601562e+00 1.000000000000000000e+01 6.000000000000000000e+00 8.499999999999999778e-01
4.126999999999998892e+00 8.758172988891601562e+00 1.100000000000000000e+01 1.500000000000000000e+01 8.499999999999999778e-01
4.206999999999998963e+00 8.758172988891601562e+00 1.200000000000000000e+01 1.600000000000000000e+01 8.499999999999999778e-01
4.278999999999998138e+00 8.758172988891601562e+00 1.300000000000000000e+01 5.700000000000000000e+01 8.499999999999999778e-01
4.438999999999997392e+00 8.758172988891601562e+00 1.400000000000000000e+01 7.500000000000000000e+01 8.499999999999999778e-01
4.597999999999997200e+00 8.758172988891601562e+00 1.500000000000000000e+01 6.000000000000000000e+00 8.499999999999999778e-01
4.607999999999997875e+00 8.758172988891601562e+00 1.600000000000000000e+01 5.000000000000000000e+01 8.499999999999999778e-01
4.788999999999997037e+00 8.758172988891601562e+00 1.700000000000000000e+01 5.000000000000000000e+01 8.499999999999999778e-01
4.867999999999996774e+00 8.758172988891601562e+00 1.800000000000000000e+01 4.800000000000000000e+01 8.499999999999999778e-01
4.825999999999996959e+00 8.758172988891601562e+00 1.900000000000000000e+01 5.500000000000000000e+01 8.499999999999999778e-01
5.168999999999995154e+00 8.758172988891601562e+00 2.000000000000000000e+01 2.500000000000000000e+01 8.499999999999999778e-01
5.043999999999996042e+00 8.758172988891601562e+00 2.100000000000000000e+01 8.000000000000000000e+00 8.499999999999999778e-01
5.366999999999996440e+00 8.758172988891601562e+00 2.200000000000000000e+01 3.100000000000000000e+01 8.499999999999999778e-01
6.084999999999992859e+00 8.758172988891601562e+00 2.300000000000000000e+01 5.500000000000000000e+01 8.499999999999999778e-01
6.177999999999993719e+00 8.758172988891601562e+00 2.400000000000000000e+01 4.900000000000000000e+01 8.499999999999999778e-01
6.310999999999991950e+00 8.758172988891601562e+00 2.500000000000000000e+01 5.400000000000000000e+01 8.499999999999999778e-01
6.840999999999992198e+00 8.758172988891601562e+00 2.600000000000000000e+01 6.100000000000000000e+01 8.499999999999999778e-01
6.962999999999992085e+00 8.758172988891601562e+00 2.700000000000000000e+01 5.400000000000000000e+01 8.499999999999999778e-01
7.037999999999993150e+00 8.758172988891601562e+00 2.800000000000000000e+01 7.200000000000000000e+01 8.499999999999999778e-01
7.786999999999995481e+00 8.758172988891601562e+00 2.900000000000000000e+01 3.800000000000000000e+01 8.499999999999999778e-01
7.924999999999996270e+00 8.758172988891601562e+00 3.000000000000000000e+01 1.700000000000000000e+01 8.499999999999999778e-01
8.824999999999995737e+00 8.758172988891601562e+00 3.100000000000000000e+01 0.000000000000000000e+00 8.499999999999999778e-01
1.433000000000000274e+00 8.866483449935913086e+00 0.000000000000000000e+00 6.000000000000000000e+00 9.000000000000000222e-01
1.493000000000000327e+00 8.866483449935913086e+00 1.000000000000000000e+00 0.000000000000000000e+00 9.000000000000000222e-01
1.493000000000000327e+00 8.866483449935913086e+00 2.000000000000000000e+00 6.000000000000000000e+00 9.000000000000000222e-01
1.757000000000000117e+00 8.866483449935913086e+00 3.000000000000000000e+00 0.000000000000000000e+00 9.000000000000000222e-01
1.799000000000000155e+00 8.866483449935913086e+00 4.000000000000000000e+00 0.000000000000000000e+00 9.000000000000000222e-01
2.236999999999999655e+00 8.866483449935913086e+00 5.000000000000000000e+00 1.300000000000000000e+01 9.000000000000000222e-01
2.309999999999999609e+00 8.866483449935913086e+00 6.000000000000000000e+00 7.000000000000000000e+00 9.000000000000000222e-01
2.569999999999999396e+00 8.866483449935913086e+00 7.000000000000000000e+00 2.200000000000000000e+01 9.000000000000000222e-01
2.704999999999999183e+00 8.866483449935913086e+00 8.000000000000000000e+00 1.300000000000000000e+01 9.000000000000000222e-01
2.933999999999999275e+00 8.866483449935913086e+00 9.000000000000000000e+00 0.000000000000000000e+00 9.000000000000000222e-01
4.196999999999997399e+00 8.866483449935913086e+00 1.000000000000000000e+01 1.300000000000000000e+01 9.000000000000000222e-01
4.227999999999997094e+00 8.866483449935913086e+00 1.100000000000000000e+01 3.600000000000000000e+01 9.000000000000000222e-01
4.280999999999997030e+00 8.866483449935913086e+00 1.200000000000000000e+01 3.100000000000000000e+01 9.000000000000000222e-01
4.370999999999997776e+00 8.866483449935913086e+00 1.300000000000000000e+01 6.600000000000000000e+01 9.000000000000000222e-01
4.526999999999996582e+00 8.866483449935913086e+00 1.400000000000000000e+01 1.110000000000000000e+02 9.000000000000000222e-01
4.622999999999997556e+00 8.866483449935913086e+00 1.500000000000000000e+01 6.500000000000000000e+01 9.000000000000000222e-01
4.757999999999997343e+00 8.866483449935913086e+00 1.600000000000000000e+01 3.500000000000000000e+01 9.000000000000000222e-01
4.817999999999997840e+00 8.866483449935913086e+00 1.700000000000000000e+01 7.400000000000000000e+01 9.000000000000000222e-01
4.883999999999997677e+00 8.866483449935913086e+00 1.800000000000000000e+01 5.900000000000000000e+01 9.000000000000000222e-01
4.916999999999997151e+00 8.866483449935913086e+00 1.900000000000000000e+01 8.800000000000000000e+01 9.000000000000000222e-01
5.076999999999995516e+00 8.866483449935913086e+00 2.000000000000000000e+01 5.200000000000000000e+01 9.000000000000000222e-01
5.185999999999995502e+00 8.866483449935913086e+00 2.100000000000000000e+01 3.900000000000000000e+01 9.000000000000000222e-01
5.294999999999995488e+00 8.866483449935913086e+00 2.200000000000000000e+01 8.000000000000000000e+00 9.000000000000000222e-01
6.191999999999996618e+00 8.866483449935913086e+00 2.300000000000000000e+01 9.600000000000000000e+01 9.000000000000000222e-01
6.258999999999997677e+00 8.866483449935913086e+00 2.400000000000000000e+01 8.400000000000000000e+01 9.000000000000000222e-01
6.487999999999997769e+00 8.866483449935913086e+00 2.500000000000000000e+01 7.400000000000000000e+01 9.000000000000000222e-01
6.770000000000001350e+00 8.866483449935913086e+00 2.600000000000000000e+01 7.900000000000000000e+01 9.000000000000000222e-01
7.201999999999999069e+00 8.866483449935913086e+00 2.700000000000000000e+01 1.090000000000000000e+02 9.000000000000000222e-01
7.247999999999999332e+00 8.866483449935913086e+00 2.800000000000000000e+01 9.000000000000000000e+01 9.000000000000000222e-01
7.845999999999996533e+00 8.866483449935913086e+00 2.900000000000000000e+01 4.700000000000000000e+01 9.000000000000000222e-01
8.169999999999994600e+00 8.866483449935913086e+00 3.000000000000000000e+01 2.400000000000000000e+01 9.000000000000000222e-01
8.861999999999989441e+00 8.866483449935913086e+00 3.100000000000000000e+01 0.000000000000000000e+00 9.000000000000000222e-01
1.462000000000000188e+00 8.738654851913452148e+00 0.000000000000000000e+00 0.000000000000000000e+00 9.499999999999999556e-01
1.462000000000000188e+00 8.738654851913452148e+00 1.000000000000000000e+00 7.000000000000000000e+00 9.499999999999999556e-01
1.462000000000000188e+00 8.738654851913452148e+00 2.000000000000000000e+00 6.000000000000000000e+00 9.499999999999999556e-01
1.725000000000000089e+00 8.738654851913452148e+00 3.000000000000000000e+00 0.000000000000000000e+00 9.499999999999999556e-01
1.780000000000000027e+00 8.738654851913452148e+00 4.000000000000000000e+00 0.000000000000000000e+00 9.499999999999999556e-01
2.221999999999999531e+00 8.738654851913452148e+00 5.000000000000000000e+00 1.100000000000000000e+01 9.499999999999999556e-01
2.297999999999999599e+00 8.738654851913452148e+00 6.000000000000000000e+00 4.000000000000000000e+00 9.499999999999999556e-01
2.539999999999999591e+00 8.738654851913452148e+00 7.000000000000000000e+00 1.800000000000000000e+01 9.499999999999999556e-01
2.673999999999999488e+00 8.738654851913452148e+00 8.000000000000000000e+00 8.000000000000000000e+00 9.499999999999999556e-01
2.899999999999999467e+00 8.738654851913452148e+00 9.000000000000000000e+00 0.000000000000000000e+00 9.499999999999999556e-01
4.159999999999999254e+00 8.738654851913452148e+00 1.000000000000000000e+01 1.200000000000000000e+01 9.499999999999999556e-01
4.217999999999999972e+00 8.738654851913452148e+00 1.100000000000000000e+01 2.500000000000000000e+01 9.499999999999999556e-01
4.247999999999999332e+00 8.738654851913452148e+00 1.200000000000000000e+01 3.400000000000000000e+01 9.499999999999999556e-01
4.252999999999999226e+00 8.738654851913452148e+00 1.300000000000000000e+01 6.100000000000000000e+01 9.499999999999999556e-01
4.474999999999999645e+00 8.738654851913452148e+00 1.400000000000000000e+01 9.200000000000000000e+01 9.499999999999999556e-01
4.632000000000000561e+00 8.738654851913452148e+00 1.500000000000000000e+01 1.800000000000000000e+01 9.499999999999999556e-01
4.564000000000000057e+00 8.738654851913452148e+00 1.600000000000000000e+01 5.400000000000000000e+01 9.499999999999999556e-01
4.808999999999999275e+00 8.738654851913452148e+00 1.700000000000000000e+01 5.400000000000000000e+01 9.499999999999999556e-01
4.720999999999999197e+00 8.738654851913452148e+00 1.800000000000000000e+01 6.900000000000000000e+01 9.499999999999999556e-01
4.805999999999999162e+00 8.738654851913452148e+00 1.900000000000000000e+01 7.600000000000000000e+01 9.499999999999999556e-01
5.055999999999998273e+00 8.738654851913452148e+00 2.000000000000000000e+01 5.500000000000000000e+01 9.499999999999999556e-01
5.089999999999998970e+00 8.738654851913452148e+00 2.100000000000000000e+01 3.300000000000000000e+01 9.499999999999999556e-01
5.096999999999997755e+00 8.738654851913452148e+00 2.200000000000000000e+01 8.000000000000000000e+00 9.499999999999999556e-01
6.081999999999997186e+00 8.738654851913452148e+00 2.300000000000000000e+01 8.200000000000000000e+01 9.499999999999999556e-01
6.218999999999995865e+00 8.738654851913452148e+00 2.400000000000000000e+01 8.400000000000000000e+01 9.499999999999999556e-01
6.395999999999998131e+00 8.738654851913452148e+00 2.500000000000000000e+01 6.500000000000000000e+01 9.499999999999999556e-01
6.769000000000000128e+00 8.738654851913452148e+00 2.600000000000000000e+01 8.100000000000000000e+01 9.499999999999999556e-01
7.097999999999998089e+00 8.738654851913452148e+00 2.700000000000000000e+01 9.600000000000000000e+01 9.499999999999999556e-01
7.207999999999997520e+00 8.738654851913452148e+00 2.800000000000000000e+01 8.400000000000000000e+01 9.499999999999999556e-01
7.836999999999998856e+00 8.738654851913452148e+00 2.900000000000000000e+01 4.900000000000000000e+01 9.499999999999999556e-01
8.026999999999997470e+00 8.738654851913452148e+00 3.000000000000000000e+01 2.300000000000000000e+01 9.499999999999999556e-01
8.765999999999989356e+00 8.738654851913452148e+00 3.100000000000000000e+01 0.000000000000000000e+00 9.499999999999999556e-01
1.473000000000000309e+00 8.678800582885742188e+00 0.000000000000000000e+00 0.000000000000000000e+00 1.000000000000000000e+00
1.473000000000000309e+00 8.678800582885742188e+00 1.000000000000000000e+00 7.000000000000000000e+00 1.000000000000000000e+00
1.473000000000000309e+00 8.678800582885742188e+00 2.000000000000000000e+00 5.000000000000000000e+00 1.000000000000000000e+00
1.745000000000000329e+00 8.678800582885742188e+00 3.000000000000000000e+00 0.000000000000000000e+00 1.000000000000000000e+00
1.745000000000000329e+00 8.678800582885742188e+00 4.000000000000000000e+00 0.000000000000000000e+00 1.000000000000000000e+00
2.162999999999999812e+00 8.678800582885742188e+00 5.000000000000000000e+00 8.000000000000000000e+00 1.000000000000000000e+00
2.262999999999999901e+00 8.678800582885742188e+00 6.000000000000000000e+00 5.000000000000000000e+00 1.000000000000000000e+00
2.490999999999999659e+00 8.678800582885742188e+00 7.000000000000000000e+00 1.400000000000000000e+01 1.000000000000000000e+00
2.639999999999999680e+00 8.678800582885742188e+00 8.000000000000000000e+00 9.000000000000000000e+00 1.000000000000000000e+00
2.899000000000000021e+00 8.678800582885742188e+00 9.000000000000000000e+00 0.000000000000000000e+00 1.000000000000000000e+00
4.116999999999999105e+00 8.678800582885742188e+00 1.000000000000000000e+01 1.400000000000000000e+01 1.000000000000000000e+00
4.136000000000000121e+00 8.678800582885742188e+00 1.100000000000000000e+01 3.000000000000000000e+01 1.000000000000000000e+00
4.175999999999999268e+00 8.678800582885742188e+00 1.200000000000000000e+01 3.600000000000000000e+01 1.000000000000000000e+00
4.256999999999999673e+00 8.678800582885742188e+00 1.300000000000000000e+01 6.000000000000000000e+01 1.000000000000000000e+00
4.455999999999998629e+00 8.678800582885742188e+00 1.400000000000000000e+01 1.120000000000000000e+02 1.000000000000000000e+00
4.565999999999998060e+00 8.678800582885742188e+00 1.500000000000000000e+01 2.000000000000000000e+01 1.000000000000000000e+00
4.509999999999998899e+00 8.678800582885742188e+00 1.600000000000000000e+01 5.900000000000000000e+01 1.000000000000000000e+00
4.762999999999997236e+00 8.678800582885742188e+00 1.700000000000000000e+01 5.300000000000000000e+01 1.000000000000000000e+00
4.724999999999997868e+00 8.678800582885742188e+00 1.800000000000000000e+01 9.900000000000000000e+01 1.000000000000000000e+00
4.820999999999997065e+00 8.678800582885742188e+00 1.900000000000000000e+01 6.500000000000000000e+01 1.000000000000000000e+00
5.090999999999997527e+00 8.678800582885742188e+00 2.000000000000000000e+01 5.600000000000000000e+01 1.000000000000000000e+00
5.033999999999998032e+00 8.678800582885742188e+00 2.100000000000000000e+01 3.800000000000000000e+01 1.000000000000000000e+00
5.064999999999997726e+00 8.678800582885742188e+00 2.200000000000000000e+01 4.000000000000000000e+00 1.000000000000000000e+00
5.952999999999996739e+00 8.678800582885742188e+00 2.300000000000000000e+01 9.100000000000000000e+01 1.000000000000000000e+00
6.180999999999996497e+00 8.678800582885742188e+00 2.400000000000000000e+01 7.500000000000000000e+01 1.000000000000000000e+00
6.366999999999996440e+00 8.678800582885742188e+00 2.500000000000000000e+01 6.000000000000000000e+01 1.000000000000000000e+00
6.756999999999997009e+00 8.678800582885742188e+00 2.600000000000000000e+01 7.600000000000000000e+01 1.000000000000000000e+00
6.996999999999997222e+00 8.678800582885742188e+00 2.700000000000000000e+01 8.700000000000000000e+01 1.000000000000000000e+00
7.068999999999998174e+00 8.678800582885742188e+00 2.800000000000000000e+01 7.300000000000000000e+01 1.000000000000000000e+00
7.730999999999997208e+00 8.678800582885742188e+00 2.900000000000000000e+01 3.500000000000000000e+01 1.000000000000000000e+00
7.931999999999995943e+00 8.678800582885742188e+00 3.000000000000000000e+01 1.900000000000000000e+01 1.000000000000000000e+00
8.788999999999990820e+00 8.678800582885742188e+00 3.100000000000000000e+01 0.000000000000000000e+00 1.000000000000000000e+00
1.434000000000000385e+00 8.823125600814819336e+00 0.000000000000000000e+00 0.000000000000000000e+00 1.050000000000000044e+00
1.434000000000000385e+00 8.823125600814819336e+00 1.000000000000000000e+00 6.000000000000000000e+00 1.050000000000000044e+00
1.513000000000000345e+00 8.823125600814819336e+00 2.000000000000000000e+00 6.000000000000000000e+00 1.050000000000000044e+00
1.780000000000000027e+00 8.823125600814819336e+00 3.000000000000000000e+00 0.000000000000000000e+00 1.050000000000000044e+00
1.780000000000000027e+00 8.823125600814819336e+00 4.000000000000000000e+00 0.000000000000000000e+00 1.050000000000000044e+00
2.262999999999999901e+00 8.823125600814819336e+00 5.000000000000000000e+00 1.500000000000000000e+01 1.050000000000000044e+00
2.300999999999999712e+00 8.823125600814819336e+00 6.000000000000000000e+00 8.000000000000000000e+00 1.050000000000000044e+00
2.587999999999999634e+00 8.823125600814819336e+00 7.000000000000000000e+00 2.100000000000000000e+01 1.050000000000000044e+00
2.701999999999999513e+00 8.823125600814819336e+00 8.000000000000000000e+00 1.000000000000000000e+01 1.050000000000000044e+00
2.949999999999999734e+00 8.823125600814819336e+00 9.000000000000000000e+00 0.000000000000000000e+00 1.050000000000000044e+00
4.185000000000001386e+00 8.823125600814819336e+00 1.000000000000000000e+01 1.000000000000000000e+01 1.050000000000000044e+00
4.185000000000001386e+00 8.823125600814819336e+00 1.100000000000000000e+01 2.700000000000000000e+01 1.050000000000000044e+00
4.217000000000001414e+00 8.823125600814819336e+00 1.200000000000000000e+01 2.400000000000000000e+01 1.050000000000000044e+00
4.301000000000001044e+00 8.823125600814819336e+00 1.300000000000000000e+01 5.600000000000000000e+01 1.050000000000000044e+00
4.423000000000001819e+00 8.823125600814819336e+00 1.400000000000000000e+01 9.200000000000000000e+01 1.050000000000000044e+00
4.579000000000001513e+00 8.823125600814819336e+00 1.500000000000000000e+01 2.100000000000000000e+01 1.050000000000000044e+00
4.624000000000001442e+00 8.823125600814819336e+00 1.600000000000000000e+01 9.000000000000000000e+00 1.050000000000000044e+00
4.607000000000000206e+00 8.823125600814819336e+00 1.700000000000000000e+01 5.300000000000000000e+01 1.050000000000000044e+00
4.777000000000001911e+00 8.823125600814819336e+00 1.800000000000000000e+01 5.800000000000000000e+01 1.050000000000000044e+00
4.842000000000001414e+00 8.823125600814819336e+00 1.900000000000000000e+01 4.600000000000000000e+01 1.050000000000000044e+00
4.839000000000001300e+00 8.823125600814819336e+00 2.000000000000000000e+01 6.400000000000000000e+01 1.050000000000000044e+00
5.057000000000000384e+00 8.823125600814819336e+00 2.100000000000000000e+01 1.400000000000000000e+01 1.050000000000000044e+00
5.203999999999999737e+00 8.823125600814819336e+00 2.200000000000000000e+01 9.000000000000000000e+00 1.050000000000000044e+00
5.586999999999999744e+00 8.823125600814819336e+00 2.300000000000000000e+01 3.700000000000000000e+01 1.050000000000000044e+00
6.180999999999999162e+00 8.823125600814819336e+00 2.400000000000000000e+01 8.100000000000000000e+01 1.050000000000000044e+00
6.276999999999999247e+00 8.823125600814819336e+00 2.500000000000000000e+01 6.100000000000000000e+01 1.050000000000000044e+00
6.403999999999998138e+00 8.823125600814819336e+00 2.600000000000000000e+01 6.000000000000000000e+01 1.050000000000000044e+00
6.421999999999998820e+00 8.823125600814819336e+00 2.700000000000000000e+01 8.100000000000000000e+01 1.050000000000000044e+00
7.149999999999991473e+00 8.823125600814819336e+00 2.800000000000000000e+01 9.200000000000000000e+01 1.050000000000000044e+00
7.224999999999993427e+00 8.823125600814819336e+00 2.900000000000000000e+01 0.000000000000000000e+00 1.050000000000000044e+00
8.039999999999992042e+00 8.823125600814819336e+00 3.000000000000000000e+01 1.700000000000000000e+01 1.050000000000000044e+00
8.849999999999981881e+00 8.823125600814819336e+00 3.100000000000000000e+01 0.000000000000000000e+00 1.050000000000000044e+00
1.436000000000000387e+00 8.869629859924316406e+00 0.000000000000000000e+00 0.000000000000000000e+00 1.100000000000000089e+00
1.436000000000000387e+00 8.869629859924316406e+00 1.000000000000000000e+00 4.000000000000000000e+00 1.100000000000000089e+00
1.499000000000000332e+00 8.869629859924316406e+00 2.000000000000000000e+00 4.000000000000000000e+00 1.100000000000000089e+00
1.776000000000000245e+00 8.869629859924316406e+00 3.000000000000000000e+00 0.000000000000000000e+00 1.100000000000000089e+00
1.776000000000000245e+00 8.869629859924316406e+00 4.000000000000000000e+00 0.000000000000000000e+00 1.100000000000000089e+00
2.259999999999999343e+00 8.869629859924316406e+00 5.000000000000000000e+00 1.400000000000000000e+01 1.100000000000000089e+00
2.337999999999999190e+00 8.869629859924316406e+00 6.000000000000000000e+00 9.000000000000000000e+00 1.100000000000000089e+00
2.644999999999998685e+00 8.869629859924316406e+00 7.000000000000000000e+00 2.200000000000000000e+01 1.100000000000000089e+00
2.693999999999998618e+00 8.869629859924316406e+00 8.000000000000000000e+00 1.200000000000000000e+01 1.100000000000000089e+00
2.955999999999999073e+00 8.869629859924316406e+00 9.000000000000000000e+00 0.000000000000000000e+00 1.100000000000000089e+00
4.188999999999995616e+00 8.869629859924316406e+00 1.000000000000000000e+01 1.300000000000000000e+01 1.100000000000000089e+00
4.218999999999995865e+00 8.869629859924316406e+00 1.100000000000000000e+01 3.700000000000000000e+01 1.100000000000000089e+00
4.240999999999996106e+00 8.869629859924316406e+00 1.200000000000000000e+01 3.100000000000000000e+01 1.100000000000000089e+00
4.312999999999997058e+00 8.869629859924316406e+00 1.300000000000000000e+01 6.500000000000000000e+01 1.100000000000000089e+00
4.508999999999995900e+00 8.869629859924316406e+00 1.400000000000000000e+01 1.080000000000000000e+02 1.100000000000000089e+00
4.590999999999995751e+00 8.869629859924316406e+00 1.500000000000000000e+01 6.400000000000000000e+01 1.100000000000000089e+00
4.691999999999994841e+00 8.869629859924316406e+00 1.600000000000000000e+01 2.400000000000000000e+01 1.100000000000000089e+00
4.862999999999994216e+00 8.869629859924316406e+00 1.700000000000000000e+01 6.100000000000000000e+01 1.100000000000000089e+00
4.836999999999994415e+00 8.869629859924316406e+00 1.800000000000000000e+01 8.700000000000000000e+01 1.100000000000000089e+00
4.841999999999995197e+00 8.869629859924316406e+00 1.900000000000000000e+01 9.500000000000000000e+01 1.100000000000000089e+00
5.180999999999993832e+00 8.869629859924316406e+00 2.000000000000000000e+01 5.800000000000000000e+01 1.100000000000000089e+00
5.111999999999994770e+00 8.869629859924316406e+00 2.100000000000000000e+01 4.100000000000000000e+01 1.100000000000000089e+00
5.241999999999994664e+00 8.869629859924316406e+00 2.200000000000000000e+01 8.000000000000000000e+00 1.100000000000000089e+00
6.128999999999996895e+00 8.869629859924316406e+00 2.300000000000000000e+01 9.800000000000000000e+01 1.100000000000000089e+00
6.162999999999997591e+00 8.869629859924316406e+00 2.400000000000000000e+01 6.400000000000000000e+01 1.100000000000000089e+00
6.450999999999996959e+00 8.869629859924316406e+00 2.500000000000000000e+01 7.300000000000000000e+01 1.100000000000000089e+00
6.757999999999998231e+00 8.869629859924316406e+00 2.600000000000000000e+01 7.700000000000000000e+01 1.100000000000000089e+00
6.955999999999998629e+00 8.869629859924316406e+00 2.700000000000000000e+01 6.800000000000000000e+01 1.100000000000000089e+00
7.157999999999999474e+00 8.869629859924316406e+00 2.800000000000000000e+01 1.050000000000000000e+02 1.100000000000000089e+00
7.731000000000000760e+00 8.869629859924316406e+00 2.900000000000000000e+01 3.700000000000000000e+01 1.100000000000000089e+00
8.110000000000001208e+00 8.869629859924316406e+00 3.000000000000000000e+01 2.200000000000000000e+01 1.100000000000000089e+00
8.861999999999992994e+00 8.869629859924316406e+00 3.100000000000000000e+01 0.000000000000000000e+00 1.100000000000000089e+00
1.453999999999999959e+00 8.841580867767333984e+00 0.000000000000000000e+00 0.000000000000000000e+00 1.149999999999999911e+00
1.453999999999999959e+00 8.841580867767333984e+00 1.000000000000000000e+00 7.000000000000000000e+00 1.149999999999999911e+00
1.502999999999999892e+00 8.841580867767333984e+00 2.000000000000000000e+00 7.000000000000000000e+00 1.149999999999999911e+00
1.769999999999999574e+00 8.841580867767333984e+00 3.000000000000000000e+00 0.000000000000000000e+00 1.149999999999999911e+00
1.769999999999999574e+00 8.841580867767333984e+00 4.000000000000000000e+00 0.000000000000000000e+00 1.149999999999999911e+00
2.254999999999998561e+00 8.841580867767333984e+00 5.000000000000000000e+00 1.400000000000000000e+01 1.149999999999999911e+00
2.314999999999998614e+00 8.841580867767333984e+00 6.000000000000000000e+00 7.000000000000000000e+00 1.149999999999999911e+00
2.603999999999998316e+00 8.841580867767333984e+00 7.000000000000000000e+00 2.200000000000000000e+01 1.149999999999999911e+00
2.700999999999998291e+00 8.841580867767333984e+00 8.000000000000000000e+00 1.300000000000000000e+01 1.149999999999999911e+00
2.925999999999997492e+00 8.841580867767333984e+00 9.000000000000000000e+00 0.000000000000000000e+00 1.149999999999999911e+00
4.197999999999995069e+00 8.841580867767333984e+00 1.000000000000000000e+01 1.200000000000000000e+01 1.149999999999999911e+00
4.197999999999995069e+00 8.841580867767333984e+00 1.100000000000000000e+01 3.600000000000000000e+01 1.149999999999999911e+00
4.272999999999994358e+00 8.841580867767333984e+00 1.200000000000000000e+01 3.200000000000000000e+01 1.149999999999999911e+00
4.348999999999993982e+00 8.841580867767333984e+00 1.300000000000000000e+01 6.800000000000000000e+01 1.149999999999999911e+00
4.512999999999993683e+00 8.841580867767333984e+00 1.400000000000000000e+01 1.070000000000000000e+02 1.149999999999999911e+00
4.610999999999994436e+00 8.841580867767333984e+00 1.500000000000000000e+01 6.400000000000000000e+01 1.149999999999999911e+00
4.715999999999993086e+00 8.841580867767333984e+00 1.600000000000000000e+01 3.300000000000000000e+01 1.149999999999999911e+00
4.810999999999992838e+00 8.841580867767333984e+00 1.700000000000000000e+01 7.900000000000000000e+01 1.149999999999999911e+00
4.874999999999992895e+00 8.841580867767333984e+00 1.800000000000000000e+01 6.100000000000000000e+01 1.149999999999999911e+00
4.882999999999993790e+00 8.841580867767333984e+00 1.900000000000000000e+01 8.900000000000000000e+01 1.149999999999999911e+00
5.067999999999992511e+00 8.841580867767333984e+00 2.000000000000000000e+01 5.500000000000000000e+01 1.149999999999999911e+00
5.172999999999992937e+00 8.841580867767333984e+00 2.100000000000000000e+01 4.100000000000000000e+01 1.149999999999999911e+00
5.268999999999992134e+00 8.841580867767333984e+00 2.200000000000000000e+01 9.000000000000000000e+00 1.149999999999999911e+00
6.163999999999990820e+00 8.841580867767333984e+00 2.300000000000000000e+01 9.600000000000000000e+01 1.149999999999999911e+00
6.264999999999989910e+00 8.841580867767333984e+00 2.400000000000000000e+01 8.100000000000000000e+01 1.149999999999999911e+00
6.468999999999990536e+00 8.841580867767333984e+00 2.500000000000000000e+01 6.400000000000000000e+01 1.149999999999999911e+00
6.760999999999988574e+00 8.841580867767333984e+00 2.600000000000000000e+01 7.400000000000000000e+01 1.149999999999999911e+00
7.177999999999988390e+00 8.841580867767333984e+00 2.700000000000000000e+01 9.300000000000000000e+01 1.149999999999999911e+00
7.271999999999986919e+00 8.841580867767333984e+00 2.800000000000000000e+01 8.800000000000000000e+01 1.149999999999999911e+00
7.858999999999987551e+00 8.841580867767333984e+00 2.900000000000000000e+01 4.300000000000000000e+01 1.149999999999999911e+00
8.120999999999984453e+00 8.841580867767333984e+00 3.000000000000000000e+01 1.500000000000000000e+01 1.149999999999999911e+00
8.819999999999980744e+00 8.841580867767333984e+00 3.100000000000000000e+01 0.000000000000000000e+00 1.149999999999999911e+00
1.447000000000000064e+00 8.862781286239624023e+00 0.000000000000000000e+00 0.000000000000000000e+00 1.199999999999999956e+00
1.447000000000000064e+00 8.862781286239624023e+00 1.000000000000000000e+00 6.000000000000000000e+00 1.199999999999999956e+00
1.493000000000000105e+00 8.862781286239624023e+00 2.000000000000000000e+00 6.000000000000000000e+00 1.199999999999999956e+00
1.779000000000000137e+00 8.862781286239624023e+00 3.000000000000000000e+00 0.000000000000000000e+00 1.199999999999999956e+00
1.779000000000000137e+00 8.862781286239624023e+00 4.000000000000000000e+00 0.000000000000000000e+00 1.199999999999999956e+00
2.240999999999999659e+00 8.862781286239624023e+00 5.000000000000000000e+00 1.400000000000000000e+01 1.199999999999999956e+00
2.312999999999999279e+00 8.862781286239624023e+00 6.000000000000000000e+00 9.000000000000000000e+00 1.199999999999999956e+00
2.591999999999998749e+00 8.862781286239624023e+00 7.000000000000000000e+00 2.400000000000000000e+01 1.199999999999999956e+00
2.694999999999998952e+00 8.862781286239624023e+00 8.000000000000000000e+00 1.400000000000000000e+01 1.199999999999999956e+00
2.958999999999999186e+00 8.862781286239624023e+00 9.000000000000000000e+00 0.000000000000000000e+00 1.199999999999999956e+00
4.177999999999998160e+00 8.862781286239624023e+00 1.000000000000000000e+01 1.100000000000000000e+01 1.199999999999999956e+00
4.177999999999998160e+00 8.862781286239624023e+00 1.100000000000000000e+01 3.200000000000000000e+01 1.199999999999999956e+00
4.301999999999997826e+00 8.862781286239624023e+00 1.200000000000000000e+01 3.100000000000000000e+01 1.199999999999999956e+00
4.360999999999997989e+00 8.862781286239624023e+00 1.300000000000000000e+01 6.100000000000000000e+01 1.199999999999999956e+00
4.509999999999998010e+00 8.862781286239624023e+00 1.400000000000000000e+01 9.400000000000000000e+01 1.199999999999999956e+00
4.593999999999998529e+00 8.862781286239624023e+00 1.500000000000000000e+01 6.200000000000000000e+01 1.199999999999999956e+00
4.720999999999998309e+00 8.862781286239624023e+00 1.600000000000000000e+01 3.200000000000000000e+01 1.199999999999999956e+00
4.793999999999997819e+00 8.862781286239624023e+00 1.700000000000000000e+01 7.300000000000000000e+01 1.199999999999999956e+00
4.874999999999997335e+00 8.862781286239624023e+00 1.800000000000000000e+01 5.200000000000000000e+01 1.199999999999999956e+00
4.883999999999998565e+00 8.862781286239624023e+00 1.900000000000000000e+01 7.200000000000000000e+01 1.199999999999999956e+00
5.077999999999998515e+00 8.862781286239624023e+00 2.000000000000000000e+01 5.100000000000000000e+01 1.199999999999999956e+00
5.181999999999999496e+00 8.862781286239624023e+00 2.100000000000000000e+01 4.200000000000000000e+01 1.199999999999999956e+00
5.244999999999999218e+00 8.862781286239624023e+00 2.200000000000000000e+01 9.000000000000000000e+00 1.199999999999999956e+00
6.170999999999997598e+00 8.862781286239624023e+00 2.300000000000000000e+01 7.600000000000000000e+01 1.199999999999999956e+00
6.224999999999997868e+00 8.862781286239624023e+00 2.400000000000000000e+01 7.000000000000000000e+01 1.199999999999999956e+00
6.414999999999997371e+00 8.862781286239624023e+00 2.500000000000000000e+01 4.900000000000000000e+01 1.199999999999999956e+00
6.732999999999999652e+00 8.862781286239624023e+00 2.600000000000000000e+01 6.900000000000000000e+01 1.199999999999999956e+00
7.113000000000000433e+00 8.862781286239624023e+00 2.700000000000000000e+01 6.500000000000000000e+01 1.199999999999999956e+00
7.155000000000000249e+00 8.862781286239624023e+00 2.800000000000000000e+01 8.300000000000000000e+01 1.199999999999999956e+00
7.730999999999995431e+00 8.862781286239624023e+00 2.900000000000000000e+01 3.000000000000000000e+01 1.199999999999999956e+00
8.077999999999995850e+00 8.862781286239624023e+00 3.000000000000000000e+01 2.100000000000000000e+01 1.199999999999999956e+00
8.865999999999987224e+00 8.862781286239624023e+00 3.100000000000000000e+01 0.000000000000000000e+00 1.199999999999999956e+00
1.386999999999999789e+00 8.676737308502197266e+00 0.000000000000000000e+00 0.000000000000000000e+00 1.250000000000000000e+00
1.386999999999999789e+00 8.676737308502197266e+00 1.000000000000000000e+00 5.000000000000000000e+00 1.250000000000000000e+00
1.432999999999999829e+00 8.676737308502197266e+00 2.000000000000000000e+00 5.000000000000000000e+00 1.250000000000000000e+00
1.733999999999999764e+00 8.676737308502197266e+00 3.000000000000000000e+00 0.000000000000000000e+00 1.250000000000000000e+00
1.733999999999999764e+00 8.676737308502197266e+00 4.000000000000000000e+00 0.000000000000000000e+00 1.250000000000000000e+00
2.197999999999999510e+00 8.676737308502197266e+00 5.000000000000000000e+00 1.300000000000000000e+01 1.250000000000000000e+00
2.275999999999999357e+00 8.676737308502197266e+00 6.000000000000000000e+00 9.000000000000000000e+00 1.250000000000000000e+00
2.523999999999999577e+00 8.676737308502197266e+00 7.000000000000000000e+00 2.300000000000000000e+01 1.250000000000000000e+00
2.640999999999999570e+00 8.676737308502197266e+00 8.000000000000000000e+00 1.400000000000000000e+01 1.250000000000000000e+00
2.875999999999999446e+00 8.676737308502197266e+00 9.000000000000000000e+00 0.000000000000000000e+00 1.250000000000000000e+00
4.144000000000000128e+00 8.676737308502197266e+00 1.000000000000000000e+01 1.300000000000000000e+01 1.250000000000000000e+00
4.177000000000000490e+00 8.676737308502197266e+00 1.100000000000000000e+01 3.700000000000000000e+01 1.250000000000000000e+00
4.201999999999999957e+00 8.676737308502197266e+00 1.200000000000000000e+01 3.100000000000000000e+01 1.250000000000000000e+00
4.309999999999999609e+00 8.676737308502197266e+00 1.300000000000000000e+01 6.600000000000000000e+01 1.250000000000000000e+00
4.463999999999999524e+00 8.676737308502197266e+00 1.400000000000000000e+01 1.080000000000000000e+02 1.250000000000000000e+00
4.546999999999997932e+00 8.676737308502197266e+00 1.500000000000000000e+01 6.500000000000000000e+01 1.250000000000000000e+00
4.683999999999999275e+00 8.676737308502197266e+00 1.600000000000000000e+01 2.700000000000000000e+01 1.250000000000000000e+00
4.767999999999998018e+00 8.676737308502197266e+00 1.700000000000000000e+01 7.300000000000000000e+01 1.250000000000000000e+00
4.816999999999997506e+00 8.676737308502197266e+00 1.800000000000000000e+01 5.900000000000000000e+01 1.250000000000000000e+00
4.851999999999996760e+00 8.676737308502197266e+00 1.900000000000000000e+01 9.200000000000000000e+01 1.250000000000000000e+00
5.007999999999996454e+00 8.676737308502197266e+00 2.000000000000000000e+01 4.800000000000000000e+01 1.250000000000000000e+00
5.118999999999997108e+00 8.676737308502197266e+00 2.100000000000000000e+01 3.200000000000000000e+01 1.250000000000000000e+00
5.208999999999996966e+00 8.676737308502197266e+00 2.200000000000000000e+01 7.000000000000000000e+00 1.250000000000000000e+00
6.084999999999999076e+00 8.676737308502197266e+00 2.300000000000000000e+01 9.800000000000000000e+01 1.250000000000000000e+00
6.181999999999998607e+00 8.676737308502197266e+00 2.400000000000000000e+01 7.500000000000000000e+01 1.250000000000000000e+00
6.403999999999998138e+00 8.676737308502197266e+00 2.500000000000000000e+01 6.900000000000000000e+01 1.250000000000000000e+00
6.717999999999998195e+00 8.676737308502197266e+00 2.600000000000000000e+01 7.300000000000000000e+01 1.250000000000000000e+00
7.107999999999999652e+00 8.676737308502197266e+00 2.700000000000000000e+01 1.020000000000000000e+02 1.250000000000000000e+00
7.215999999999998415e+00 8.676737308502197266e+00 2.800000000000000000e+01 8.500000000000000000e+01 1.250000000000000000e+00
7.809999999999997833e+00 8.676737308502197266e+00 2.900000000000000000e+01 4.600000000000000000e+01 1.250000000000000000e+00
8.063999999999992951e+00 8.676737308502197266e+00 3.000000000000000000e+01 2.400000000000000000e+01 1.250000000000000000e+00
8.796999999999991715e+00 8.676737308502197266e+00 3.100000000000000000e+01 0.000000000000000000e+00 1.250000000000000000e+00
